[[50, 138], [50, 133], [0, 134], [0, 97], [144, 94], [145, 118], [133, 118], [133, 131], [89, 132], [89, 137], [50, 138]]
[[475, 669], [475, 641], [475, 625], [479, 618], [478, 587], [483, 582], [491, 582], [494, 586], [507, 586], [508, 612], [504, 615], [504, 636], [509, 640], [509, 669], [475, 669], [484, 737], [484, 708], [510, 708], [511, 737], [484, 737], [484, 737]]
[[757, 682], [754, 583], [758, 580], [767, 579], [771, 584], [782, 583], [783, 623], [774, 624], [774, 630], [784, 630], [785, 681], [757, 682], [780, 734], [753, 734], [754, 706], [781, 706], [780, 734], [780, 734]]
[[409, 663], [409, 587], [414, 583], [422, 582], [428, 587], [430, 587], [439, 587], [439, 612], [434, 612], [434, 632], [438, 632], [438, 663], [430, 663], [409, 663]]
[[100, 303], [96, 300], [54, 302], [52, 272], [71, 271], [76, 267], [102, 267], [105, 271], [134, 269], [135, 283], [140, 286], [140, 294], [136, 297], [137, 301], [100, 303], [2, 307], [1, 280], [31, 279], [32, 305], [2, 307], [2, 307]]
[[14, 1279], [6, 1159], [198, 1153], [210, 1279]]
[[118, 346], [108, 346], [102, 342], [57, 342], [56, 313], [94, 313], [94, 307], [149, 306], [148, 329], [142, 329], [142, 334], [137, 340], [121, 341], [118, 346]]
[[1062, 668], [1062, 647], [1062, 638], [1065, 636], [1065, 623], [1061, 618], [1060, 583], [1091, 582], [1091, 617], [1094, 620], [1096, 667], [1062, 668]]
[[107, 264], [90, 263], [88, 260], [49, 260], [49, 231], [68, 230], [70, 226], [103, 226], [106, 230], [134, 229], [134, 242], [148, 241], [149, 258], [110, 259], [107, 264], [2, 261], [1, 228], [30, 227], [30, 260], [2, 261], [2, 261]]
[[860, 671], [858, 582], [874, 582], [880, 577], [889, 578], [893, 583], [895, 598], [899, 601], [898, 614], [893, 618], [894, 670], [860, 671], [892, 731], [861, 731], [862, 699], [893, 699], [892, 731], [892, 731]]
[[791, 691], [789, 583], [823, 582], [823, 612], [835, 612], [836, 643], [829, 643], [829, 651], [824, 655], [824, 690], [791, 691], [824, 734], [823, 707], [851, 706], [852, 733], [824, 734], [824, 734], [816, 733], [790, 733], [791, 704], [817, 705], [816, 733], [816, 733]]
[[886, 911], [876, 911], [873, 909], [861, 909], [861, 828], [875, 829], [875, 833], [888, 833], [888, 907], [886, 911], [862, 793], [861, 762], [889, 761], [890, 793], [862, 793], [862, 793]]
[[112, 182], [97, 182], [94, 176], [48, 177], [47, 149], [59, 149], [63, 142], [93, 141], [99, 148], [132, 147], [132, 154], [146, 154], [147, 176], [114, 177], [112, 182], [0, 181], [0, 144], [28, 144], [28, 181], [0, 181]]
[[1022, 910], [1015, 910], [1011, 906], [998, 906], [997, 875], [1005, 869], [1005, 860], [997, 860], [997, 834], [1027, 834], [1028, 906], [1022, 910], [1026, 789], [1006, 788], [1006, 758], [1027, 758], [1026, 789], [1026, 789]]
[[722, 679], [719, 583], [728, 583], [731, 579], [740, 579], [744, 584], [745, 622], [749, 626], [749, 636], [744, 639], [744, 648], [750, 653], [750, 677], [722, 679], [747, 732], [720, 732], [721, 704], [747, 704], [747, 732], [747, 732]]
[[983, 672], [981, 613], [984, 613], [983, 580], [988, 576], [999, 575], [1005, 581], [1015, 580], [1015, 618], [1020, 622], [1021, 631], [1014, 634], [1015, 670], [983, 672], [1021, 728], [995, 728], [995, 697], [1022, 698], [1021, 728], [1021, 728]]
[[363, 1274], [292, 1236], [288, 1044], [289, 1041], [427, 1114], [445, 1124], [426, 1157], [363, 1274]]
[[686, 679], [685, 636], [682, 633], [679, 635], [679, 678], [649, 678], [648, 646], [652, 643], [651, 619], [647, 616], [646, 586], [650, 580], [662, 580], [666, 585], [694, 584], [699, 580], [710, 580], [715, 585], [715, 615], [712, 618], [711, 640], [716, 646], [716, 679], [686, 679]]
[[333, 737], [331, 625], [327, 625], [326, 586], [343, 585], [343, 574], [362, 574], [362, 586], [379, 585], [380, 636], [377, 636], [377, 647], [381, 647], [381, 669], [374, 670], [375, 684], [406, 684], [407, 709], [400, 710], [401, 718], [407, 718], [408, 736], [333, 737]]
[[814, 1217], [753, 1183], [750, 1026], [773, 1026], [773, 1059], [813, 1059], [813, 995], [1153, 990], [1155, 1165], [1054, 1167], [1055, 1178], [1003, 1179], [1003, 1165], [849, 1168], [848, 1105], [812, 1105], [814, 1217]]
[[100, 430], [96, 424], [31, 426], [31, 412], [39, 412], [39, 399], [49, 398], [54, 391], [91, 391], [97, 396], [154, 395], [154, 423], [117, 424], [113, 429], [100, 430], [2, 428], [1, 392], [27, 392], [28, 427], [2, 428], [2, 428]]
[[1051, 909], [1047, 906], [1034, 906], [1034, 876], [1040, 868], [1040, 859], [1032, 859], [1032, 834], [1060, 833], [1062, 905], [1059, 909], [1051, 909], [1031, 795], [1029, 759], [1059, 758], [1060, 789], [1047, 790], [1048, 793], [1031, 795], [1031, 795]]
[[286, 740], [281, 735], [277, 586], [311, 585], [312, 635], [323, 634], [323, 652], [312, 653], [313, 676], [324, 675], [326, 704], [315, 704], [315, 739], [286, 740]]
[[475, 641], [475, 669], [441, 668], [442, 588], [448, 582], [456, 582], [461, 586], [472, 586], [474, 613], [471, 617], [471, 637], [475, 641], [475, 736], [458, 735], [459, 707], [477, 708], [475, 736], [475, 736]]
[[1208, 729], [1206, 681], [1230, 681], [1229, 654], [1199, 655], [1198, 624], [1202, 622], [1202, 618], [1198, 614], [1197, 576], [1225, 575], [1226, 610], [1231, 617], [1231, 637], [1236, 636], [1235, 584], [1264, 584], [1268, 720], [1256, 728], [1208, 729]]
[[1068, 907], [1065, 816], [1094, 814], [1095, 866], [1100, 869], [1100, 879], [1096, 883], [1097, 905], [1068, 907], [1068, 796], [1067, 759], [1091, 758], [1092, 794], [1068, 796], [1068, 796]]
[[928, 672], [927, 632], [923, 629], [923, 608], [927, 606], [928, 581], [948, 581], [950, 579], [953, 578], [956, 578], [959, 578], [961, 580], [963, 583], [962, 587], [959, 592], [959, 600], [964, 604], [964, 632], [961, 638], [961, 672], [928, 672]]
[[579, 682], [543, 682], [543, 655], [549, 651], [549, 644], [543, 639], [543, 585], [577, 584], [579, 682], [579, 735], [551, 735], [552, 707], [579, 707], [579, 735], [579, 735]]
[[827, 924], [792, 924], [790, 810], [824, 809], [827, 924]]
[[860, 923], [829, 923], [825, 809], [858, 809], [860, 923]]
[[688, 925], [655, 925], [652, 812], [685, 811], [688, 925]]
[[618, 925], [585, 925], [582, 812], [616, 812], [618, 925]]
[[758, 924], [724, 924], [721, 812], [755, 812], [758, 924]]
[[122, 846], [105, 837], [103, 769], [44, 770], [45, 805], [0, 598], [0, 574], [176, 566], [181, 846], [122, 846]]
[[680, 1279], [676, 1261], [686, 1254], [865, 1279]]
[[377, 903], [378, 931], [294, 933], [285, 925], [282, 776], [290, 769], [368, 767], [371, 903], [377, 903]]
[[723, 925], [690, 925], [686, 810], [720, 812], [723, 925]]
[[378, 931], [377, 903], [375, 768], [429, 767], [512, 765], [515, 929], [428, 930], [378, 931]]
[[792, 923], [758, 924], [755, 811], [789, 810], [792, 923]]
[[1136, 922], [1134, 763], [1271, 761], [1273, 920], [1136, 922]]
[[1178, 1279], [1174, 1230], [1158, 1236], [1157, 1214], [1175, 1206], [1172, 1134], [1182, 1133], [1181, 1093], [1229, 1092], [1230, 1127], [1234, 1126], [1235, 1133], [1279, 1131]]
[[1062, 647], [1062, 668], [1028, 669], [1026, 580], [1037, 580], [1041, 576], [1050, 576], [1056, 581], [1056, 613], [1060, 619], [1059, 634], [1057, 636], [1057, 643], [1062, 647], [1030, 733], [1028, 701], [1062, 699], [1064, 731], [1030, 733], [1030, 733]]
[[909, 911], [907, 907], [896, 908], [895, 833], [922, 832], [924, 906], [921, 910], [909, 911], [922, 792], [895, 792], [896, 761], [921, 761], [922, 792], [922, 792]]
[[579, 682], [577, 584], [581, 580], [592, 580], [595, 585], [623, 584], [626, 580], [635, 580], [638, 584], [640, 681], [636, 687], [630, 687], [624, 682], [624, 695], [596, 695], [596, 683], [591, 687], [582, 686], [579, 682]]
[[654, 924], [621, 925], [615, 812], [651, 812], [654, 924]]
[[34, 387], [34, 350], [95, 349], [96, 358], [103, 358], [103, 349], [140, 348], [140, 356], [153, 356], [153, 375], [140, 375], [141, 383], [105, 384], [102, 379], [46, 380], [47, 386], [34, 387], [3, 387], [1, 350], [28, 349], [30, 385], [3, 387], [3, 387]]
[[1165, 660], [1131, 660], [1131, 621], [1134, 617], [1134, 607], [1129, 604], [1129, 579], [1143, 579], [1146, 574], [1156, 574], [1159, 577], [1160, 625], [1166, 628], [1165, 660]]
[[949, 926], [948, 921], [930, 922], [928, 880], [933, 862], [936, 862], [931, 788], [928, 788], [925, 762], [993, 759], [996, 802], [977, 803], [978, 810], [980, 810], [981, 829], [978, 829], [978, 844], [981, 844], [982, 864], [978, 864], [980, 907], [976, 907], [977, 924], [949, 926]]
[[134, 0], [129, 4], [0, 6]]
[[0, 869], [58, 918], [1, 1021], [0, 1004]]
