[[0, 1007], [7, 1006], [8, 1058], [0, 1059]]
[[114, 255], [113, 223], [177, 221], [178, 253], [114, 255], [15, 252], [15, 225], [44, 225], [45, 251], [15, 252], [15, 252]]
[[0, 740], [0, 739], [0, 771], [0, 771]]
[[750, 547], [751, 520], [804, 520], [804, 526], [813, 526], [813, 547], [750, 547]]
[[300, 728], [300, 726], [291, 726], [290, 700], [300, 700], [300, 698], [377, 695], [378, 726], [300, 728], [397, 725], [397, 696], [455, 693], [456, 723], [397, 725], [397, 725]]
[[574, 1279], [574, 1276], [645, 1276], [646, 1279]]
[[108, 391], [107, 360], [170, 359], [171, 390], [108, 391], [21, 390], [21, 364], [52, 363], [52, 389], [21, 390], [21, 390]]
[[748, 365], [747, 335], [815, 332], [816, 363], [748, 365], [862, 362], [861, 330], [894, 330], [895, 361], [862, 362], [862, 362]]
[[932, 113], [929, 20], [958, 19], [960, 113], [932, 113], [936, 180], [935, 152], [960, 152], [960, 179], [936, 180], [936, 180]]
[[588, 1085], [586, 1013], [603, 1012], [603, 1016], [616, 1016], [617, 1084], [588, 1085]]
[[202, 1104], [204, 1104], [204, 1136], [125, 1137], [125, 1133], [112, 1133], [111, 1107], [124, 1107], [124, 1104], [202, 1104]]
[[291, 556], [290, 536], [296, 535], [295, 525], [362, 522], [363, 525], [369, 525], [371, 549], [362, 550], [362, 553], [291, 556], [418, 552], [417, 526], [448, 526], [448, 552], [418, 552], [418, 552]]
[[926, 477], [926, 446], [998, 445], [999, 476], [926, 477]]
[[481, 832], [479, 777], [509, 776], [511, 831], [481, 832], [481, 709], [481, 683], [508, 683], [509, 709], [481, 709], [481, 709]]
[[999, 304], [997, 275], [1079, 273], [1079, 301], [999, 304], [940, 305], [939, 276], [986, 274], [987, 303], [940, 305], [940, 305]]
[[495, 450], [495, 419], [539, 418], [539, 449], [495, 450]]
[[92, 289], [92, 258], [165, 256], [165, 288], [92, 289], [64, 258], [63, 289], [20, 288], [19, 260], [64, 258], [64, 258]]
[[98, 1000], [98, 970], [176, 969], [177, 989], [183, 990], [183, 996], [178, 996], [178, 998], [98, 1000]]
[[297, 659], [297, 628], [356, 628], [357, 648], [342, 648], [342, 659], [297, 659]]
[[747, 512], [745, 484], [807, 483], [807, 511], [747, 512], [871, 512], [871, 482], [901, 481], [901, 512], [871, 512], [871, 512]]
[[586, 1204], [585, 1173], [651, 1172], [651, 1204], [586, 1204]]
[[834, 617], [833, 586], [888, 585], [888, 616], [834, 617]]
[[558, 552], [556, 520], [629, 519], [629, 550], [558, 552], [473, 552], [472, 523], [531, 521], [531, 550], [473, 552], [473, 552]]
[[0, 977], [4, 977], [5, 1004], [0, 1004]]
[[981, 175], [965, 175], [964, 109], [995, 107], [997, 171], [981, 171], [981, 175]]
[[1004, 340], [1004, 308], [1077, 306], [1078, 338], [1004, 340], [934, 341], [933, 311], [960, 310], [961, 340], [934, 341], [934, 341]]
[[364, 192], [360, 19], [424, 17], [427, 190], [364, 192]]
[[567, 346], [567, 315], [628, 313], [629, 345], [567, 346], [472, 345], [471, 318], [503, 318], [504, 345], [472, 345], [472, 345]]
[[299, 1003], [299, 973], [354, 973], [354, 985], [363, 985], [364, 1003], [299, 1003], [458, 972], [458, 1002], [426, 1002], [426, 972], [458, 972], [458, 972]]
[[586, 1171], [585, 1140], [643, 1140], [644, 1171], [586, 1171]]
[[530, 310], [529, 281], [584, 279], [584, 309], [530, 310], [473, 314], [472, 288], [503, 288], [504, 313], [473, 314], [473, 314]]
[[300, 1141], [300, 1121], [297, 1121], [297, 1115], [300, 1115], [300, 1111], [367, 1110], [369, 1140], [300, 1141]]
[[604, 185], [602, 133], [618, 132], [618, 149], [633, 149], [633, 184], [604, 185]]
[[430, 129], [429, 22], [459, 20], [462, 128], [430, 129]]
[[519, 1017], [519, 941], [548, 941], [548, 1016], [519, 1017], [550, 1086], [523, 1085], [523, 1054], [550, 1054], [550, 1086], [550, 1086]]
[[750, 655], [750, 623], [807, 622], [807, 633], [833, 633], [833, 652], [808, 652], [808, 653], [750, 655]]
[[132, 1274], [132, 1271], [121, 1271], [120, 1244], [205, 1244], [205, 1274], [132, 1274], [79, 1273], [41, 1273], [41, 1244], [79, 1244], [79, 1273], [79, 1273]]
[[552, 997], [550, 927], [581, 926], [582, 997], [552, 997], [558, 1083], [556, 1042], [582, 1040], [584, 1082], [558, 1083], [558, 1083]]
[[0, 972], [6, 970], [0, 970], [0, 935], [6, 935], [6, 970], [6, 970]]
[[786, 1279], [783, 1233], [751, 1233], [745, 943], [782, 942], [782, 927], [811, 926], [811, 943], [989, 939], [989, 923], [1016, 922], [1017, 938], [1054, 937], [1061, 1227], [852, 1232], [856, 1279]]
[[1000, 109], [997, 12], [1027, 11], [1030, 108], [1000, 109]]
[[109, 322], [108, 310], [97, 310], [96, 294], [169, 291], [169, 321], [109, 322]]
[[192, 635], [189, 634], [149, 634], [149, 630], [101, 631], [101, 623], [96, 623], [96, 611], [100, 611], [101, 603], [186, 601], [192, 599], [192, 635]]
[[483, 1012], [482, 927], [518, 927], [518, 1011], [483, 1012], [484, 1055], [484, 1018], [518, 1018], [518, 1055], [484, 1055], [484, 1055]]
[[202, 1104], [163, 1103], [163, 1091], [143, 1091], [143, 1073], [202, 1073], [202, 1104]]
[[1013, 544], [1014, 514], [1068, 514], [1067, 519], [1085, 519], [1085, 543], [1013, 544]]
[[523, 265], [521, 221], [616, 218], [618, 263], [523, 265]]
[[297, 591], [297, 588], [291, 588], [288, 582], [287, 558], [298, 558], [298, 562], [374, 560], [375, 588], [297, 591], [407, 589], [407, 563], [419, 563], [419, 560], [446, 559], [448, 588], [407, 589], [407, 589]]
[[298, 1036], [297, 1008], [364, 1006], [364, 1035], [298, 1036], [429, 1037], [428, 1008], [459, 1007], [460, 1037], [429, 1037], [429, 1037]]
[[376, 972], [288, 970], [288, 926], [377, 927], [376, 972]]
[[578, 620], [578, 617], [573, 617], [572, 601], [578, 602], [578, 588], [632, 587], [632, 619], [578, 620], [476, 623], [475, 591], [526, 589], [526, 622], [476, 623], [476, 623]]
[[0, 815], [4, 815], [5, 845], [0, 846]]
[[1000, 271], [999, 240], [1073, 238], [1073, 268], [1000, 271], [926, 270], [924, 242], [957, 241], [958, 269], [926, 270], [926, 270]]
[[106, 438], [105, 403], [170, 402], [170, 418], [174, 421], [174, 433], [170, 436], [106, 438], [23, 449], [21, 407], [52, 406], [53, 448], [23, 449], [23, 449]]
[[308, 1210], [307, 1187], [309, 1187], [309, 1179], [380, 1178], [380, 1206], [353, 1208], [353, 1209], [308, 1210]]
[[1263, 812], [1261, 755], [1279, 754], [1279, 811], [1263, 812], [1266, 709], [1265, 672], [1279, 672], [1279, 709], [1266, 709], [1266, 709]]
[[583, 585], [582, 553], [631, 552], [632, 584], [583, 585], [477, 586], [477, 559], [507, 558], [508, 585], [477, 586], [477, 586]]
[[458, 972], [426, 972], [419, 972], [419, 927], [460, 927], [460, 972], [458, 972]]
[[139, 1241], [139, 1233], [132, 1233], [132, 1223], [139, 1223], [138, 1209], [195, 1208], [195, 1240], [139, 1241], [39, 1240], [39, 1213], [72, 1213], [73, 1240], [39, 1240], [39, 1240]]
[[764, 159], [763, 128], [800, 127], [799, 119], [769, 120], [767, 52], [761, 51], [760, 18], [860, 16], [861, 49], [851, 49], [853, 118], [830, 119], [831, 125], [817, 125], [817, 149], [805, 149], [806, 157], [764, 159]]
[[736, 243], [735, 210], [892, 207], [892, 236], [841, 237], [841, 240], [736, 243]]
[[747, 406], [746, 376], [816, 374], [816, 405], [747, 406], [862, 403], [861, 375], [895, 374], [896, 402], [862, 403], [862, 403]]
[[33, 1039], [32, 1005], [120, 1003], [121, 1034], [59, 1035], [58, 1038], [33, 1039]]
[[1203, 507], [1203, 479], [1279, 477], [1279, 505], [1203, 507], [1279, 508]]
[[1198, 302], [1198, 271], [1270, 270], [1271, 301], [1198, 302]]
[[0, 1201], [7, 1199], [9, 1224], [0, 1226]]
[[1200, 370], [1199, 340], [1265, 338], [1266, 369], [1200, 370]]
[[3, 203], [0, 37], [14, 32], [178, 29], [181, 201], [3, 203]]
[[0, 49], [0, 37], [3, 203], [0, 203]]
[[384, 838], [382, 816], [382, 815], [381, 764], [457, 762], [458, 836], [384, 838]]
[[294, 106], [294, 82], [325, 81], [325, 105], [294, 106]]
[[731, 156], [731, 144], [725, 144], [723, 23], [728, 16], [757, 16], [760, 155], [731, 156], [727, 186], [726, 158], [759, 158], [760, 185], [727, 186], [727, 186]]
[[831, 445], [831, 412], [887, 411], [888, 443], [831, 445]]
[[383, 418], [382, 391], [435, 390], [435, 417], [383, 418]]
[[511, 1240], [511, 1238], [504, 1238], [504, 1213], [511, 1213], [511, 1210], [549, 1209], [550, 1239], [511, 1240]]
[[1248, 96], [1247, 6], [1279, 5], [1279, 96], [1248, 96]]
[[1011, 508], [1011, 480], [1081, 478], [1081, 506], [1011, 508]]
[[598, 1139], [599, 1105], [657, 1105], [658, 1138], [598, 1139], [485, 1140], [485, 1111], [509, 1111], [509, 1107], [527, 1107], [527, 1122], [515, 1122], [516, 1139], [485, 1140], [485, 1140]]
[[292, 247], [292, 217], [366, 215], [367, 245], [292, 247], [445, 244], [411, 244], [410, 216], [443, 214], [445, 244], [445, 244]]
[[750, 479], [748, 449], [802, 448], [802, 477], [750, 479]]
[[291, 348], [291, 320], [368, 318], [369, 347], [291, 348], [414, 344], [413, 319], [443, 318], [443, 343], [414, 344], [414, 344]]
[[86, 804], [85, 777], [167, 775], [168, 803], [86, 804]]
[[293, 1108], [293, 1077], [376, 1075], [378, 1106], [293, 1108], [464, 1110], [423, 1109], [424, 1074], [465, 1074], [464, 1110], [464, 1110]]
[[471, 518], [470, 489], [522, 487], [522, 498], [537, 498], [537, 507], [522, 507], [523, 517], [471, 518]]
[[1193, 828], [1193, 813], [1195, 813], [1191, 671], [1225, 671], [1229, 826], [1193, 828]]
[[97, 534], [96, 499], [113, 497], [114, 501], [171, 499], [171, 515], [175, 518], [174, 525], [169, 530], [170, 533], [115, 531], [115, 534], [97, 534]]
[[534, 115], [532, 21], [561, 20], [563, 115], [534, 115]]
[[127, 1068], [126, 1052], [121, 1052], [121, 1037], [191, 1036], [191, 1067], [127, 1068], [32, 1075], [32, 1039], [82, 1038], [83, 1074], [32, 1075], [32, 1075]]
[[312, 1279], [311, 1248], [364, 1247], [365, 1278], [312, 1279], [428, 1279], [428, 1268], [421, 1268], [420, 1257], [428, 1257], [427, 1246], [468, 1245], [469, 1277], [428, 1279], [428, 1279]]
[[294, 488], [294, 457], [362, 457], [362, 486], [294, 488], [417, 484], [416, 456], [447, 454], [448, 483], [417, 484], [417, 484]]
[[745, 322], [744, 291], [814, 289], [816, 321], [745, 322], [866, 325], [864, 287], [896, 286], [898, 324], [866, 325], [866, 325]]
[[298, 762], [291, 755], [291, 747], [292, 746], [288, 746], [288, 732], [363, 731], [363, 762], [298, 762], [422, 758], [419, 731], [453, 728], [455, 755], [422, 758], [422, 758]]
[[8, 1142], [0, 1142], [0, 1116], [8, 1116], [8, 1142]]
[[108, 1169], [108, 1141], [185, 1139], [185, 1167], [108, 1169], [34, 1171], [33, 1138], [40, 1137], [40, 1144], [62, 1142], [63, 1170], [34, 1171], [34, 1171]]
[[295, 520], [295, 492], [372, 490], [373, 518], [295, 520], [413, 520], [413, 492], [443, 491], [443, 519], [413, 520], [413, 520]]
[[1204, 575], [1203, 545], [1275, 543], [1275, 574], [1204, 575], [1279, 571]]
[[1203, 541], [1203, 524], [1198, 524], [1197, 511], [1251, 510], [1252, 533], [1244, 534], [1245, 540], [1203, 541], [1279, 536]]
[[649, 837], [649, 837], [648, 837], [647, 837], [646, 837], [646, 837], [645, 837], [644, 837], [644, 836], [644, 836], [643, 836], [643, 835], [642, 835], [641, 835], [641, 835], [641, 834], [640, 833], [617, 834], [614, 679], [647, 679], [650, 822], [650, 822], [650, 823], [651, 823], [652, 824], [653, 824], [653, 825], [653, 826], [654, 826], [654, 826], [654, 827], [654, 828], [655, 829], [655, 829], [655, 830], [654, 830], [654, 831], [654, 831], [654, 832], [654, 833], [653, 833], [653, 833], [653, 834], [653, 835], [652, 835], [651, 835], [650, 836], [650, 836], [649, 836], [649, 837]]
[[1205, 472], [1205, 458], [1198, 458], [1197, 444], [1267, 442], [1267, 471], [1205, 472]]
[[1197, 406], [1196, 374], [1279, 372], [1279, 404], [1197, 406]]
[[94, 1279], [94, 1277], [207, 1276], [207, 1279], [37, 1279], [37, 1279], [76, 1278], [76, 1279]]
[[183, 698], [121, 698], [121, 689], [114, 689], [114, 676], [121, 676], [121, 670], [183, 670], [183, 698], [27, 700], [26, 672], [55, 671], [55, 700], [27, 700], [27, 700]]
[[514, 829], [514, 762], [545, 761], [546, 828], [514, 829]]
[[1182, 176], [1178, 9], [1210, 9], [1213, 175], [1182, 176]]
[[105, 736], [104, 703], [179, 702], [180, 735], [105, 736], [26, 740], [25, 710], [60, 708], [61, 738], [26, 740], [26, 740]]
[[93, 839], [92, 812], [173, 811], [174, 838], [93, 839]]
[[0, 1151], [7, 1150], [8, 1183], [0, 1184]]
[[182, 667], [119, 666], [118, 635], [182, 635], [182, 667]]
[[91, 770], [91, 741], [173, 739], [173, 767], [91, 770]]
[[84, 1206], [84, 1175], [127, 1174], [129, 1179], [144, 1179], [144, 1174], [196, 1173], [196, 1205], [84, 1206], [76, 1205], [35, 1205], [35, 1175], [82, 1175], [82, 1188], [76, 1188], [76, 1205], [76, 1205]]
[[1200, 335], [1200, 305], [1279, 303], [1279, 333], [1200, 335], [1279, 334]]
[[1006, 580], [1006, 547], [1081, 546], [1081, 579], [1006, 580], [932, 576], [932, 550], [957, 549], [957, 575], [932, 576], [932, 576]]
[[1004, 652], [1003, 632], [1012, 632], [1012, 618], [1093, 616], [1093, 650], [1004, 652], [938, 652], [937, 620], [998, 619], [998, 651], [938, 652], [938, 652]]
[[358, 451], [357, 420], [420, 419], [420, 449], [358, 451]]
[[299, 691], [298, 663], [361, 660], [362, 688], [299, 691], [398, 689], [397, 660], [450, 659], [451, 687], [398, 689], [398, 689]]
[[1212, 611], [1209, 604], [1208, 579], [1279, 577], [1279, 608], [1212, 611], [1279, 610]]
[[1009, 374], [1009, 342], [1080, 340], [1080, 372], [1009, 374]]
[[755, 585], [754, 554], [843, 553], [843, 584], [755, 585]]
[[501, 188], [497, 21], [531, 21], [535, 187], [501, 188]]
[[105, 355], [105, 325], [171, 324], [172, 354], [105, 355], [20, 358], [19, 327], [62, 326], [62, 356], [20, 358], [20, 358]]
[[369, 278], [369, 248], [444, 247], [445, 277], [369, 278]]
[[1019, 405], [1018, 378], [1077, 376], [1078, 404], [1019, 405], [929, 405], [928, 380], [968, 379], [969, 404], [929, 405], [929, 405]]
[[303, 1176], [298, 1173], [298, 1163], [303, 1158], [292, 1158], [292, 1145], [304, 1145], [304, 1143], [335, 1143], [335, 1156], [344, 1156], [344, 1144], [389, 1145], [389, 1176], [303, 1176], [415, 1174], [414, 1142], [465, 1142], [465, 1173], [415, 1174], [415, 1174]]
[[300, 626], [293, 620], [293, 611], [294, 607], [294, 594], [379, 592], [379, 624], [300, 626]]
[[745, 280], [744, 249], [814, 247], [815, 278], [745, 280]]
[[1191, 236], [1190, 203], [1267, 201], [1269, 234], [1191, 236], [1279, 234]]
[[578, 483], [577, 453], [631, 452], [631, 482], [578, 483]]
[[106, 490], [105, 453], [169, 452], [169, 469], [175, 472], [175, 480], [170, 484], [170, 488], [106, 490]]
[[351, 314], [351, 284], [444, 282], [445, 312], [351, 314]]
[[310, 1244], [309, 1211], [378, 1210], [378, 1243], [310, 1244], [436, 1242], [435, 1212], [462, 1211], [463, 1241], [436, 1242], [436, 1242]]
[[624, 1005], [623, 939], [630, 939], [630, 943], [648, 944], [649, 956], [652, 956], [652, 987], [649, 987], [649, 1005], [624, 1005], [657, 1080], [628, 1081], [629, 1054], [656, 1052], [657, 1080], [657, 1080]]
[[896, 87], [895, 22], [923, 21], [925, 86], [896, 87]]
[[484, 385], [483, 366], [470, 366], [470, 352], [529, 351], [530, 384], [484, 385], [542, 370], [541, 350], [571, 350], [571, 370], [542, 370], [542, 370]]
[[1228, 738], [1226, 682], [1257, 681], [1258, 738], [1228, 738]]
[[58, 583], [57, 557], [66, 556], [66, 548], [174, 545], [175, 581], [58, 583]]
[[560, 659], [559, 629], [631, 626], [633, 657], [560, 659], [484, 661], [475, 655], [474, 625], [512, 624], [513, 631], [540, 631], [542, 658], [484, 661], [484, 661]]
[[300, 1074], [295, 1070], [295, 1053], [299, 1053], [299, 1042], [366, 1042], [366, 1073], [300, 1074], [459, 1071], [428, 1071], [428, 1039], [460, 1040], [459, 1071], [459, 1071]]
[[996, 614], [995, 581], [1091, 580], [1092, 613], [996, 614]]
[[465, 189], [464, 110], [494, 109], [496, 189], [465, 189], [465, 189], [464, 103], [462, 31], [492, 30], [493, 102], [464, 103]]
[[999, 236], [998, 205], [1071, 203], [1071, 233], [999, 236], [926, 237], [925, 210], [954, 209], [955, 237], [926, 237], [926, 237]]
[[290, 384], [289, 355], [351, 354], [352, 372], [338, 373], [339, 382], [290, 384], [409, 380], [408, 367], [415, 367], [414, 353], [441, 352], [442, 380], [409, 380], [409, 380]]
[[90, 964], [90, 935], [171, 935], [171, 957], [175, 957], [175, 962], [170, 962], [170, 964], [90, 964], [31, 966], [30, 933], [67, 933], [67, 965], [31, 966], [31, 966]]
[[1202, 437], [1201, 408], [1279, 406], [1279, 436], [1202, 437]]
[[1064, 443], [1053, 443], [1049, 440], [1009, 440], [1009, 412], [1085, 411], [1085, 422], [1090, 427], [1090, 435], [1085, 437], [1085, 439], [1067, 439], [1064, 443]]
[[603, 1271], [603, 1261], [593, 1262], [593, 1241], [646, 1240], [647, 1270], [603, 1271]]
[[565, 414], [564, 385], [633, 383], [634, 413], [565, 414]]
