[[63, 867], [63, 875], [140, 874], [141, 900], [147, 901], [151, 904], [153, 936], [146, 942], [147, 964], [131, 985], [24, 898], [24, 873], [29, 868], [29, 865], [63, 867]]
[[1200, 480], [1199, 451], [1272, 449], [1272, 451], [1278, 450], [1278, 463], [1272, 463], [1272, 478], [1200, 480], [1126, 479], [1126, 453], [1152, 452], [1153, 479], [1126, 479], [1126, 479]]
[[786, 47], [780, 47], [776, 45], [726, 47], [725, 24], [738, 24], [738, 12], [768, 11], [773, 14], [808, 13], [808, 26], [813, 30], [813, 39], [807, 45], [790, 45], [786, 47], [659, 52], [658, 25], [688, 25], [689, 52], [659, 52], [659, 52]]
[[1141, 1057], [1136, 1050], [1136, 1032], [1131, 1028], [1131, 1021], [1137, 1015], [1136, 997], [1130, 994], [1130, 973], [1138, 972], [1138, 961], [1165, 961], [1166, 992], [1170, 996], [1170, 1014], [1166, 1020], [1166, 1057], [1141, 1057], [1131, 918], [1129, 889], [1163, 888], [1164, 917], [1131, 918], [1131, 918]]
[[498, 419], [497, 402], [492, 400], [492, 392], [496, 385], [544, 384], [583, 384], [584, 418], [553, 418], [553, 413], [544, 413], [536, 412], [531, 419], [498, 419], [640, 415], [612, 415], [612, 385], [640, 385], [640, 415], [640, 415]]
[[285, 692], [285, 663], [326, 662], [326, 673], [332, 673], [331, 663], [363, 662], [363, 674], [366, 678], [367, 685], [362, 691], [285, 692], [217, 692], [217, 666], [249, 665], [249, 691], [217, 692], [217, 692]]
[[313, 261], [308, 258], [270, 259], [270, 232], [314, 232], [318, 228], [332, 228], [338, 233], [354, 232], [359, 236], [358, 245], [354, 249], [354, 260], [313, 261], [239, 257], [209, 256], [208, 229], [238, 229], [239, 257], [239, 257]]
[[56, 637], [56, 629], [20, 631], [18, 597], [60, 595], [65, 601], [109, 599], [110, 629], [76, 630], [76, 636], [56, 637], [141, 632], [141, 630], [124, 630], [119, 624], [118, 594], [190, 594], [191, 632], [141, 632], [141, 632]]
[[1191, 114], [1190, 85], [1267, 83], [1267, 92], [1276, 92], [1277, 106], [1267, 106], [1267, 111], [1191, 114], [1119, 112], [1118, 86], [1147, 85], [1147, 112], [1119, 112], [1119, 112]]
[[310, 564], [303, 560], [291, 560], [291, 554], [278, 554], [278, 529], [319, 529], [321, 524], [332, 525], [336, 529], [361, 528], [361, 541], [367, 543], [368, 556], [361, 561], [341, 561], [336, 564], [310, 564], [214, 555], [213, 525], [241, 525], [242, 554], [214, 555], [214, 555]]
[[59, 253], [51, 253], [46, 249], [30, 250], [24, 245], [24, 238], [18, 238], [18, 219], [58, 218], [63, 214], [85, 215], [91, 219], [106, 218], [107, 249], [64, 250], [59, 253], [181, 257], [152, 256], [154, 229], [182, 229], [181, 257], [181, 257]]
[[677, 418], [678, 387], [713, 387], [716, 383], [726, 383], [729, 387], [781, 386], [785, 383], [797, 382], [800, 387], [815, 386], [819, 392], [821, 400], [816, 404], [815, 418], [677, 418]]
[[1119, 290], [1117, 252], [1138, 252], [1138, 257], [1273, 254], [1273, 268], [1278, 272], [1276, 284], [1271, 287], [1119, 290]]
[[942, 185], [941, 158], [1013, 157], [1014, 184], [942, 185], [1059, 182], [1058, 154], [1090, 153], [1090, 181], [1059, 182], [1059, 182]]
[[952, 548], [951, 522], [1001, 521], [1002, 547], [952, 548], [1068, 548], [1068, 522], [1097, 521], [1097, 547], [1068, 548], [1068, 548]]
[[507, 890], [487, 888], [486, 788], [541, 787], [574, 786], [576, 869], [566, 868], [567, 873], [545, 874], [546, 880], [540, 880], [516, 881], [507, 890]]
[[962, 864], [958, 858], [958, 850], [962, 847], [962, 836], [1002, 835], [1006, 831], [1046, 830], [1047, 862], [962, 864], [1082, 859], [1081, 830], [1107, 830], [1107, 859], [1082, 859], [1082, 859]]
[[942, 618], [942, 601], [952, 601], [952, 592], [1029, 590], [1029, 617], [942, 618], [1072, 616], [1071, 590], [1099, 590], [1099, 615], [1072, 616], [1072, 616]]
[[330, 617], [324, 612], [279, 612], [279, 582], [299, 582], [304, 579], [325, 578], [329, 581], [362, 581], [361, 593], [366, 597], [367, 607], [363, 611], [346, 611], [342, 616], [330, 617]]
[[523, 659], [518, 656], [503, 655], [499, 651], [500, 643], [502, 639], [502, 627], [529, 626], [533, 630], [542, 630], [582, 630], [583, 655], [542, 655], [538, 655], [535, 659], [523, 659], [620, 652], [619, 624], [644, 623], [645, 651], [620, 652], [620, 652]]
[[1249, 758], [1239, 758], [1234, 753], [1194, 754], [1194, 735], [1194, 725], [1220, 724], [1222, 729], [1230, 729], [1235, 725], [1277, 724], [1277, 735], [1278, 748], [1273, 753], [1254, 752], [1249, 758], [1135, 753], [1134, 734], [1134, 727], [1160, 726], [1160, 734], [1160, 753], [1135, 753], [1135, 753]]
[[953, 688], [952, 657], [1016, 657], [1016, 686], [953, 688], [1067, 686], [1067, 658], [1100, 657], [1100, 684], [1067, 686], [1067, 686]]
[[560, 625], [556, 621], [542, 621], [534, 621], [533, 625], [521, 625], [519, 622], [502, 621], [497, 616], [497, 609], [501, 605], [501, 592], [535, 593], [538, 596], [542, 596], [543, 596], [548, 592], [586, 592], [586, 611], [592, 611], [592, 621], [587, 625], [560, 625], [643, 619], [614, 618], [615, 593], [644, 593], [643, 619], [643, 619]]
[[56, 5], [45, 5], [40, 2], [26, 2], [19, 0], [106, 0], [106, 0], [62, 1], [56, 5], [143, 7], [142, 0], [176, 0], [176, 6], [143, 7], [143, 7]]
[[1121, 413], [1120, 384], [1154, 383], [1154, 413], [1121, 413]]
[[775, 518], [774, 504], [764, 505], [764, 483], [818, 482], [819, 517], [775, 518], [694, 522], [672, 522], [672, 484], [694, 483], [694, 522], [694, 522]]
[[525, 488], [521, 484], [499, 485], [495, 481], [494, 472], [499, 466], [498, 457], [543, 456], [582, 454], [583, 484], [543, 484], [540, 484], [535, 488], [525, 488], [641, 482], [610, 481], [610, 455], [641, 456], [641, 482], [641, 482]]
[[936, 13], [936, 0], [987, 0], [988, 11], [936, 13], [1056, 11], [1056, 0], [1085, 0], [1086, 11], [1056, 11], [1056, 11]]
[[1250, 792], [1241, 791], [1235, 788], [1195, 788], [1194, 760], [1273, 758], [1273, 772], [1277, 775], [1277, 780], [1273, 787], [1254, 787], [1250, 792], [1134, 788], [1134, 762], [1163, 761], [1163, 788], [1134, 788], [1134, 788]]
[[522, 100], [515, 100], [509, 97], [490, 97], [485, 91], [484, 84], [488, 80], [488, 67], [518, 67], [522, 63], [546, 62], [549, 62], [555, 66], [570, 66], [570, 96], [546, 96], [526, 96], [522, 100], [633, 103], [603, 102], [604, 73], [634, 74], [633, 103], [633, 103]]
[[1005, 829], [1001, 824], [965, 825], [964, 796], [1002, 795], [1002, 802], [1013, 801], [1012, 794], [1047, 794], [1047, 819], [1056, 819], [1056, 828], [1005, 829], [1076, 819], [1076, 794], [1103, 794], [1104, 819], [1076, 819], [1076, 819]]
[[50, 170], [43, 167], [28, 167], [24, 163], [23, 154], [28, 149], [27, 137], [61, 136], [68, 133], [96, 133], [96, 145], [108, 145], [109, 169], [50, 170], [148, 165], [147, 134], [179, 133], [180, 164], [148, 165], [148, 165]]
[[228, 298], [228, 271], [244, 271], [243, 264], [285, 264], [285, 270], [305, 269], [313, 263], [323, 263], [327, 267], [355, 267], [355, 279], [360, 282], [360, 291], [355, 297], [228, 298]]
[[520, 14], [511, 14], [508, 10], [488, 11], [483, 6], [482, 0], [565, 0], [566, 11], [547, 11], [526, 11], [520, 14], [630, 15], [599, 15], [600, 0], [631, 0], [630, 15], [630, 15]]
[[316, 64], [311, 59], [263, 59], [262, 24], [297, 24], [301, 21], [313, 21], [317, 24], [348, 24], [348, 40], [353, 44], [353, 55], [349, 58], [332, 58], [326, 63], [316, 64], [203, 71], [203, 42], [231, 41], [232, 71], [203, 71], [203, 71]]
[[319, 17], [314, 11], [299, 12], [295, 16], [285, 16], [277, 12], [262, 12], [262, 0], [351, 0], [351, 12], [332, 12], [329, 17], [319, 17], [204, 0]]
[[787, 89], [778, 89], [775, 86], [728, 86], [728, 56], [744, 56], [749, 52], [775, 51], [780, 55], [811, 55], [811, 70], [814, 72], [815, 81], [811, 85], [791, 87], [787, 89], [660, 93], [660, 66], [690, 65], [690, 93], [660, 93], [660, 93]]
[[46, 48], [41, 43], [27, 44], [20, 40], [20, 31], [15, 31], [15, 14], [51, 13], [58, 10], [80, 9], [87, 14], [103, 14], [103, 43], [62, 44], [58, 47], [46, 48], [176, 48], [146, 48], [147, 19], [175, 19], [176, 48], [176, 48]]
[[1185, 11], [1184, 0], [1274, 0], [1275, 8], [1185, 11], [1115, 7], [1115, 0], [1151, 0], [1151, 7], [1115, 7], [1115, 7]]
[[1197, 408], [1196, 382], [1274, 380], [1274, 407], [1197, 408]]
[[1241, 862], [1236, 857], [1197, 857], [1195, 830], [1274, 828], [1274, 841], [1279, 845], [1279, 852], [1274, 857], [1257, 856], [1252, 861], [1241, 862], [1132, 858], [1132, 830], [1171, 829], [1172, 857], [1132, 858], [1132, 858]]
[[959, 1067], [959, 1059], [947, 1059], [941, 1052], [937, 888], [997, 887], [997, 930], [989, 930], [990, 970], [980, 969], [980, 982], [993, 981], [999, 984], [999, 1000], [1005, 1007], [1006, 1031], [1002, 1036], [1002, 1053], [994, 1059], [984, 1059], [985, 1067], [959, 1067]]
[[47, 88], [42, 85], [27, 85], [20, 81], [20, 72], [16, 72], [15, 54], [52, 53], [59, 51], [85, 51], [90, 54], [103, 54], [103, 84], [63, 84], [59, 87], [47, 88]]
[[71, 719], [62, 719], [57, 714], [37, 714], [31, 710], [31, 697], [36, 693], [36, 682], [106, 681], [106, 714], [75, 714], [71, 719], [169, 727], [163, 727], [162, 681], [192, 681], [193, 727], [169, 727], [169, 727]]
[[779, 254], [776, 250], [730, 250], [731, 222], [747, 223], [750, 218], [777, 215], [782, 220], [813, 220], [813, 235], [816, 238], [816, 246], [813, 251], [797, 252], [793, 254], [779, 254], [695, 259], [665, 258], [665, 227], [696, 227], [695, 259], [695, 259]]
[[1210, 581], [1210, 554], [1279, 553], [1279, 580], [1210, 581], [1129, 581], [1129, 554], [1154, 553], [1154, 581], [1129, 581], [1129, 581]]
[[938, 116], [937, 86], [1009, 85], [1010, 114], [938, 116], [1059, 114], [1059, 87], [1087, 86], [1088, 113], [1059, 114], [1059, 114]]
[[505, 762], [500, 758], [500, 751], [504, 747], [505, 734], [535, 734], [539, 730], [541, 730], [566, 729], [568, 730], [573, 733], [588, 733], [588, 760], [541, 762], [505, 762], [615, 760], [615, 732], [644, 731], [645, 759], [615, 760], [615, 760]]
[[938, 47], [937, 18], [1018, 17], [1018, 45], [938, 47], [1058, 45], [1058, 17], [1085, 17], [1086, 44], [1058, 45], [1058, 45]]
[[778, 172], [774, 169], [730, 167], [731, 138], [748, 138], [751, 134], [777, 134], [780, 137], [810, 138], [810, 150], [815, 153], [815, 164], [813, 168], [795, 168], [791, 170], [778, 172], [663, 174], [662, 144], [691, 144], [691, 174], [663, 174], [663, 174]]
[[1042, 1064], [1042, 1052], [1032, 1052], [1028, 1057], [1019, 1058], [1015, 1052], [1014, 1017], [1009, 1012], [1009, 1001], [1013, 999], [1013, 970], [1040, 970], [1040, 997], [1047, 1004], [1053, 998], [1053, 969], [1081, 969], [1081, 997], [1087, 1002], [1087, 1011], [1081, 1016], [1082, 1052], [1078, 1057], [1069, 1057], [1066, 1052], [1054, 1052], [1054, 1063], [1042, 1064]]
[[272, 764], [272, 733], [282, 733], [282, 731], [299, 731], [299, 736], [317, 736], [324, 732], [364, 731], [364, 764], [272, 764], [219, 765], [218, 736], [249, 735], [249, 765], [219, 765], [219, 765]]
[[1200, 548], [1199, 519], [1274, 517], [1275, 529], [1268, 529], [1268, 546], [1200, 548], [1145, 550], [1128, 550], [1127, 519], [1153, 518], [1153, 544], [1144, 544], [1145, 550], [1145, 550]]
[[63, 211], [52, 211], [46, 208], [30, 208], [24, 203], [24, 194], [18, 194], [19, 178], [56, 177], [61, 174], [88, 173], [91, 177], [107, 177], [108, 208], [68, 208], [63, 211], [147, 214], [147, 185], [178, 184], [179, 214], [147, 214], [147, 214]]
[[1186, 44], [1186, 16], [1265, 15], [1264, 19], [1269, 19], [1270, 42], [1186, 44], [1117, 44], [1117, 19], [1146, 18], [1147, 43], [1117, 44], [1117, 44]]
[[1241, 828], [1235, 822], [1196, 823], [1195, 795], [1279, 794], [1279, 809], [1277, 809], [1278, 817], [1274, 822], [1255, 823], [1251, 827], [1241, 828]]
[[947, 653], [947, 620], [953, 620], [954, 625], [1012, 624], [1012, 651], [947, 653], [1070, 649], [1070, 623], [1097, 623], [1098, 649], [1070, 649], [1070, 649]]
[[1205, 146], [1204, 119], [1279, 117], [1279, 144], [1205, 146], [1116, 151], [1115, 119], [1149, 118], [1150, 150], [1116, 151], [1116, 151]]
[[952, 584], [951, 557], [1028, 554], [1029, 583], [952, 584], [1071, 580], [1070, 554], [1099, 554], [1100, 580], [1071, 580], [1071, 580]]
[[329, 167], [315, 167], [311, 162], [270, 162], [270, 129], [307, 128], [312, 123], [322, 123], [326, 128], [350, 128], [350, 143], [356, 146], [357, 157], [351, 162], [332, 163], [329, 167], [237, 159], [209, 158], [209, 124], [238, 125], [237, 159], [237, 159]]
[[1251, 1069], [1250, 1057], [1246, 1061], [1236, 1061], [1231, 1057], [1230, 1039], [1226, 1034], [1226, 1015], [1230, 1010], [1229, 981], [1258, 980], [1263, 986], [1269, 986], [1269, 974], [1251, 974], [1251, 967], [1239, 968], [1238, 943], [1249, 942], [1249, 936], [1267, 935], [1266, 917], [1240, 918], [1239, 910], [1231, 910], [1231, 889], [1279, 887], [1279, 1068], [1251, 1069]]
[[1027, 253], [1026, 223], [1094, 221], [1096, 251], [1027, 253], [1027, 253], [952, 257], [950, 251], [937, 252], [932, 247], [933, 238], [937, 234], [938, 225], [962, 223], [966, 228], [1001, 228], [1002, 249], [991, 249], [991, 256], [977, 257], [977, 250], [965, 250], [965, 256], [952, 257]]
[[68, 467], [68, 464], [17, 465], [16, 431], [56, 430], [61, 434], [93, 433], [93, 435], [124, 435], [125, 466], [68, 467], [137, 464], [136, 434], [160, 433], [162, 463], [137, 464], [137, 464]]
[[520, 532], [515, 527], [501, 527], [494, 522], [494, 512], [500, 507], [500, 494], [527, 494], [527, 490], [543, 490], [553, 489], [553, 493], [612, 492], [612, 489], [642, 489], [643, 516], [612, 517], [612, 504], [585, 505], [585, 520], [572, 520], [572, 526], [543, 526], [536, 526], [531, 531], [520, 532]]
[[232, 934], [229, 903], [232, 899], [233, 878], [244, 879], [245, 865], [256, 864], [257, 857], [271, 857], [272, 864], [282, 863], [283, 877], [297, 877], [297, 899], [302, 904], [302, 934], [295, 934], [297, 956], [285, 955], [285, 962], [234, 961], [234, 939], [239, 934], [232, 934]]
[[153, 936], [151, 904], [152, 904], [157, 900], [157, 863], [180, 862], [181, 857], [196, 856], [197, 862], [221, 862], [222, 899], [227, 904], [229, 903], [232, 934], [229, 934], [222, 941], [223, 956], [157, 958], [157, 941], [153, 936]]
[[15, 429], [15, 390], [109, 389], [110, 428], [74, 429], [74, 418], [66, 418], [67, 428], [15, 429], [135, 429], [134, 389], [186, 387], [187, 428], [135, 429], [135, 429]]
[[1200, 616], [1199, 587], [1279, 585], [1279, 599], [1268, 599], [1268, 615], [1200, 616], [1129, 615], [1129, 589], [1154, 589], [1155, 614], [1129, 615], [1129, 615]]
[[324, 514], [318, 512], [275, 512], [275, 478], [358, 479], [358, 494], [363, 498], [364, 506], [360, 511], [342, 510], [335, 514], [324, 514], [215, 522], [214, 489], [246, 489], [246, 522], [215, 522], [215, 522]]
[[1248, 194], [1235, 194], [1230, 189], [1180, 190], [1179, 158], [1269, 155], [1269, 171], [1274, 175], [1274, 183], [1265, 190], [1252, 189], [1248, 194], [1123, 196], [1122, 158], [1148, 158], [1150, 196], [1123, 196], [1123, 196]]
[[782, 6], [774, 6], [770, 2], [725, 3], [725, 0], [811, 0], [806, 3], [788, 4], [782, 6], [690, 9], [659, 8], [660, 0], [691, 0], [690, 9], [690, 9]]
[[537, 251], [529, 251], [525, 247], [494, 247], [489, 242], [489, 233], [494, 228], [493, 213], [545, 212], [561, 212], [562, 223], [571, 223], [571, 246], [545, 246], [541, 246], [537, 251], [606, 242], [605, 208], [636, 206], [637, 240], [606, 242], [606, 242]]
[[385, 961], [381, 960], [377, 956], [377, 955], [357, 955], [357, 927], [351, 922], [351, 899], [356, 893], [355, 870], [387, 869], [389, 943], [393, 946], [395, 949], [395, 954], [392, 958], [389, 960], [385, 961]]
[[543, 453], [538, 453], [534, 449], [497, 449], [493, 445], [493, 438], [498, 433], [498, 422], [533, 421], [535, 424], [544, 424], [581, 423], [581, 452], [543, 453]]
[[950, 515], [950, 487], [1007, 486], [1008, 513], [950, 515], [1068, 512], [1067, 486], [1097, 486], [1097, 512], [1068, 512], [1068, 512]]
[[1184, 241], [1183, 231], [1150, 232], [1150, 213], [1159, 213], [1158, 201], [1204, 199], [1204, 210], [1273, 208], [1274, 238], [1184, 241]]
[[22, 262], [129, 262], [129, 292], [22, 292], [22, 262], [153, 259], [182, 258], [183, 295], [154, 296], [153, 259], [153, 259]]
[[522, 56], [511, 56], [507, 53], [491, 52], [486, 50], [485, 42], [488, 37], [488, 22], [517, 23], [522, 19], [547, 19], [547, 19], [550, 23], [566, 23], [566, 53], [546, 53], [525, 52], [522, 56], [602, 61], [601, 34], [631, 33], [632, 61], [602, 61], [602, 61]]
[[939, 292], [936, 290], [934, 286], [933, 283], [934, 280], [934, 276], [937, 274], [938, 273], [938, 260], [971, 259], [974, 264], [989, 263], [994, 258], [1009, 257], [1009, 262], [1078, 261], [1079, 290], [939, 292]]
[[782, 830], [776, 826], [732, 826], [733, 796], [757, 797], [757, 803], [764, 803], [764, 797], [820, 796], [820, 807], [827, 807], [826, 824], [799, 824], [793, 830], [782, 830], [676, 823], [676, 797], [707, 797], [707, 823], [676, 823], [676, 823]]
[[957, 790], [956, 763], [1005, 762], [1005, 789], [957, 790], [1079, 787], [1078, 763], [1102, 763], [1103, 786], [1079, 787], [1079, 787]]
[[513, 198], [510, 194], [491, 195], [487, 190], [486, 180], [490, 177], [489, 163], [546, 161], [571, 160], [571, 193], [545, 194], [530, 194], [525, 198], [513, 198], [607, 201], [605, 171], [632, 170], [634, 199], [607, 201], [607, 201]]
[[498, 984], [494, 987], [490, 986], [486, 981], [485, 976], [486, 971], [487, 969], [487, 938], [484, 935], [481, 930], [481, 924], [484, 920], [487, 917], [487, 894], [638, 889], [638, 924], [645, 932], [646, 962], [642, 966], [642, 982], [501, 983], [498, 984]]
[[1201, 513], [1201, 485], [1274, 484], [1274, 497], [1269, 497], [1270, 512], [1201, 513], [1127, 513], [1126, 485], [1154, 483], [1156, 513], [1127, 513], [1127, 513]]
[[494, 297], [490, 291], [490, 280], [493, 275], [493, 262], [545, 262], [555, 262], [555, 253], [569, 254], [569, 261], [620, 261], [620, 292], [610, 293], [610, 296], [544, 296], [494, 297]]
[[313, 116], [309, 110], [269, 112], [268, 79], [307, 78], [311, 74], [319, 74], [325, 78], [349, 78], [349, 92], [354, 96], [355, 105], [350, 111], [330, 111], [327, 115], [313, 116], [234, 115], [203, 115], [203, 73], [234, 73], [234, 115], [234, 115]]
[[746, 792], [745, 763], [820, 761], [821, 775], [826, 775], [827, 787], [820, 788], [820, 791], [746, 792], [674, 793], [672, 764], [704, 762], [706, 791], [674, 793], [674, 793]]
[[953, 723], [953, 693], [1037, 692], [1038, 713], [1023, 713], [1023, 722], [953, 723], [1074, 719], [1073, 693], [1099, 693], [1100, 718], [1074, 719], [1074, 719]]
[[775, 130], [770, 126], [728, 127], [728, 98], [747, 98], [750, 93], [776, 93], [781, 97], [810, 98], [810, 109], [815, 114], [815, 122], [810, 126], [793, 127], [788, 129], [775, 130], [661, 123], [660, 96], [690, 95], [690, 122], [661, 123], [661, 123]]
[[218, 420], [219, 398], [223, 398], [223, 388], [358, 387], [363, 393], [363, 402], [359, 408], [359, 420], [318, 420], [318, 414], [308, 414], [309, 420], [218, 420]]
[[701, 295], [701, 292], [687, 292], [686, 267], [704, 267], [704, 259], [745, 259], [745, 266], [766, 265], [766, 259], [819, 258], [819, 288], [813, 293], [701, 295]]
[[944, 447], [944, 419], [1024, 417], [1024, 445], [944, 447]]
[[278, 658], [278, 628], [308, 627], [314, 631], [334, 631], [338, 628], [363, 627], [363, 638], [368, 643], [368, 653], [364, 657], [278, 658], [243, 658], [216, 657], [217, 629], [244, 630], [243, 658], [243, 658]]
[[799, 751], [779, 751], [771, 746], [745, 746], [745, 731], [745, 715], [777, 714], [782, 711], [790, 710], [795, 714], [822, 714], [823, 727], [827, 730], [827, 732], [828, 741], [824, 746], [803, 747], [799, 751], [704, 750], [676, 750], [676, 731], [676, 729], [704, 730], [704, 731], [704, 750], [704, 750]]
[[299, 729], [272, 729], [272, 728], [272, 727], [262, 727], [261, 714], [271, 714], [271, 698], [332, 697], [336, 702], [375, 701], [376, 727], [324, 727], [316, 724], [299, 724], [299, 728], [299, 729], [248, 724], [217, 723], [217, 698], [248, 697], [248, 724], [248, 724]]
[[1189, 78], [1189, 50], [1276, 47], [1276, 76], [1189, 78], [1117, 78], [1116, 53], [1144, 53], [1145, 78], [1117, 78], [1117, 78]]
[[258, 464], [258, 430], [359, 429], [359, 443], [365, 447], [365, 456], [360, 460], [360, 464], [258, 464], [215, 463], [213, 428], [241, 427], [242, 462], [215, 463], [215, 463]]
[[316, 218], [310, 213], [270, 214], [270, 181], [305, 180], [312, 176], [322, 176], [327, 180], [352, 180], [351, 194], [355, 199], [356, 208], [352, 214], [333, 214], [329, 218], [316, 218], [240, 202], [207, 202], [208, 180], [240, 180], [240, 202], [240, 202]]
[[955, 755], [955, 733], [955, 729], [1003, 728], [1004, 733], [1004, 754], [955, 755], [1069, 754], [1068, 734], [1068, 727], [1098, 726], [1098, 734], [1098, 754], [1069, 754], [1069, 754]]
[[745, 610], [745, 575], [791, 575], [791, 581], [819, 580], [819, 593], [824, 597], [824, 604], [822, 609], [745, 610], [671, 598], [671, 574], [702, 573], [703, 597], [671, 598], [671, 598]]
[[936, 154], [936, 145], [922, 146], [922, 129], [936, 129], [936, 121], [973, 120], [972, 126], [1030, 125], [1031, 151], [936, 154], [1059, 151], [1058, 126], [1088, 124], [1089, 151], [1059, 151], [1059, 151]]
[[524, 148], [514, 148], [511, 145], [491, 143], [487, 139], [486, 132], [491, 126], [490, 110], [546, 110], [569, 110], [570, 143], [546, 144], [528, 144], [524, 148], [632, 153], [600, 152], [600, 120], [632, 119], [632, 153], [632, 153]]
[[945, 218], [944, 189], [1013, 188], [1015, 217], [945, 218], [1063, 218], [1063, 189], [1088, 189], [1090, 216], [1063, 218], [1063, 218]]
[[949, 481], [949, 453], [996, 452], [996, 480], [949, 481], [1069, 478], [1069, 453], [1098, 453], [1098, 477], [1069, 478], [1069, 478]]
[[18, 553], [17, 472], [56, 472], [56, 479], [141, 479], [141, 471], [188, 471], [189, 552], [158, 552], [159, 545], [58, 546], [58, 553], [18, 553]]
[[50, 594], [41, 593], [36, 589], [18, 589], [18, 555], [47, 555], [49, 557], [102, 557], [102, 571], [126, 571], [127, 589], [57, 589], [50, 594]]
[[1182, 1064], [1178, 1013], [1173, 1010], [1173, 991], [1178, 984], [1176, 940], [1194, 940], [1194, 950], [1209, 949], [1210, 965], [1216, 968], [1214, 980], [1209, 986], [1210, 1012], [1215, 1017], [1215, 1027], [1211, 1034], [1212, 1049], [1205, 1054], [1196, 1055], [1197, 1063], [1182, 1064], [1177, 919], [1177, 888], [1203, 888], [1204, 918], [1177, 919], [1177, 919]]
[[1098, 1058], [1095, 1051], [1094, 1036], [1090, 1032], [1090, 1021], [1094, 1018], [1093, 994], [1090, 994], [1089, 973], [1098, 972], [1099, 961], [1121, 961], [1122, 991], [1126, 994], [1126, 1010], [1124, 1013], [1125, 1058], [1098, 1058], [1119, 923], [1091, 923], [1091, 891], [1119, 892], [1119, 923], [1119, 923]]
[[741, 658], [739, 625], [779, 623], [783, 629], [822, 627], [826, 631], [826, 641], [822, 644], [823, 656], [794, 657], [791, 654], [782, 654], [778, 656], [741, 658], [677, 658], [676, 631], [704, 631], [704, 657], [677, 658], [677, 658]]
[[22, 766], [16, 762], [16, 755], [22, 749], [22, 736], [108, 735], [108, 766], [22, 766]]
[[526, 694], [521, 690], [504, 690], [500, 686], [499, 678], [502, 673], [502, 661], [542, 661], [584, 660], [584, 674], [588, 677], [588, 687], [585, 690], [543, 691], [542, 691], [539, 693], [526, 694], [620, 693], [620, 665], [648, 664], [648, 692], [620, 693], [620, 693]]
[[791, 211], [781, 211], [775, 207], [733, 209], [733, 181], [750, 180], [753, 176], [779, 176], [783, 181], [810, 181], [811, 191], [816, 195], [815, 204], [813, 208], [795, 209], [791, 211], [666, 217], [665, 195], [695, 194], [697, 216], [666, 217], [666, 217]]
[[340, 960], [336, 959], [333, 956], [312, 955], [313, 924], [307, 918], [307, 909], [312, 906], [311, 896], [307, 891], [306, 879], [311, 875], [310, 851], [342, 850], [342, 898], [346, 900], [347, 918], [343, 922], [343, 946], [346, 949], [347, 953], [346, 957], [343, 959], [340, 960], [307, 829], [305, 795], [341, 793], [342, 828], [307, 829], [307, 829]]
[[827, 1068], [826, 1060], [816, 1061], [814, 1033], [811, 1030], [810, 1003], [814, 998], [811, 952], [847, 950], [854, 1066], [827, 1068], [805, 917], [805, 887], [836, 887], [837, 916], [805, 917], [805, 917]]
[[748, 479], [747, 470], [698, 471], [697, 438], [736, 438], [735, 430], [769, 429], [772, 435], [818, 434], [817, 445], [823, 451], [824, 463], [817, 466], [805, 467], [802, 472], [792, 472], [788, 466], [773, 467], [773, 479], [748, 479]]
[[59, 129], [48, 128], [43, 126], [26, 126], [21, 121], [21, 112], [18, 112], [18, 95], [58, 95], [65, 92], [93, 92], [97, 95], [108, 95], [109, 125], [63, 125], [59, 129], [144, 131], [143, 98], [178, 98], [179, 130], [144, 131], [144, 131]]
[[663, 1061], [653, 1054], [652, 1046], [656, 1043], [655, 1003], [652, 999], [652, 991], [656, 987], [656, 966], [710, 965], [710, 1057], [707, 1057], [704, 1061], [695, 1060], [691, 1057], [675, 1057], [672, 1061], [663, 1061]]
[[798, 563], [783, 563], [778, 558], [736, 558], [737, 526], [775, 525], [779, 520], [789, 521], [793, 525], [819, 525], [819, 541], [823, 544], [824, 552], [817, 559], [802, 558], [798, 563], [671, 572], [672, 550], [702, 550], [701, 571], [671, 572], [671, 572]]
[[525, 728], [522, 726], [506, 725], [506, 695], [542, 695], [545, 695], [550, 698], [587, 697], [587, 725], [545, 725], [541, 726], [539, 728], [525, 728], [610, 728], [608, 704], [642, 701], [644, 726], [610, 728], [610, 728]]
[[748, 1067], [739, 1067], [734, 1060], [718, 1060], [718, 1022], [722, 1022], [722, 1007], [717, 1001], [716, 972], [721, 965], [721, 953], [751, 953], [751, 986], [757, 991], [758, 1018], [755, 1024], [755, 1060], [752, 1060], [748, 1067]]
[[947, 409], [946, 383], [1001, 382], [1002, 408], [947, 409], [1073, 411], [1072, 382], [1098, 382], [1099, 410], [1073, 411], [1073, 411]]
[[1263, 689], [1250, 688], [1245, 684], [1200, 685], [1199, 657], [1279, 654], [1279, 684], [1266, 685], [1263, 689]]
[[521, 580], [516, 575], [502, 575], [497, 571], [497, 563], [502, 557], [502, 544], [530, 545], [534, 541], [543, 541], [559, 540], [565, 545], [582, 545], [582, 575], [543, 576], [537, 576], [533, 580], [521, 580], [644, 589], [614, 588], [614, 554], [645, 554], [644, 589], [644, 589]]
[[786, 701], [781, 696], [741, 697], [741, 664], [780, 662], [783, 659], [793, 658], [799, 663], [823, 661], [824, 695], [804, 696], [800, 700], [786, 701], [707, 681], [678, 681], [678, 659], [707, 659], [707, 681], [707, 681]]
[[63, 867], [29, 865], [30, 852], [24, 849], [23, 841], [29, 836], [87, 834], [87, 820], [28, 821], [24, 816], [24, 808], [29, 804], [28, 789], [135, 789], [137, 804], [142, 804], [142, 819], [149, 818], [149, 834], [143, 835], [143, 848], [136, 849], [136, 865], [63, 866], [63, 867]]
[[19, 681], [19, 642], [165, 642], [165, 676], [55, 676], [55, 680], [19, 681]]
[[1204, 721], [1204, 693], [1275, 692], [1275, 719], [1204, 721], [1134, 723], [1133, 696], [1156, 696], [1157, 723], [1134, 723], [1134, 723]]
[[939, 82], [938, 52], [1018, 50], [1019, 79], [939, 82], [1062, 78], [1061, 52], [1087, 51], [1087, 78], [1062, 78], [1062, 78]]
[[1201, 651], [1201, 622], [1270, 620], [1270, 650], [1201, 651], [1131, 655], [1130, 631], [1154, 630], [1154, 654], [1131, 655], [1131, 655]]
[[1198, 443], [1198, 417], [1274, 415], [1274, 430], [1271, 430], [1271, 442], [1198, 443], [1128, 443], [1127, 419], [1154, 418], [1154, 443], [1128, 443], [1128, 443]]
[[772, 1067], [765, 962], [796, 961], [801, 1026], [804, 1029], [805, 1035], [799, 1041], [801, 1058], [786, 1059], [787, 1066], [772, 1067], [760, 923], [759, 892], [788, 891], [790, 921], [760, 923], [760, 923]]
