[[808, 229], [757, 229], [757, 209], [751, 209], [747, 209], [741, 209], [741, 193], [744, 193], [744, 165], [751, 165], [751, 158], [752, 158], [769, 158], [769, 149], [769, 146], [794, 146], [794, 149], [794, 160], [809, 160], [809, 162], [809, 167], [818, 167], [818, 190], [818, 200], [818, 228], [808, 227], [808, 229], [754, 101], [742, 101], [729, 101], [726, 101], [726, 67], [754, 68], [754, 101], [754, 101]]
[[818, 778], [780, 777], [766, 777], [729, 777], [725, 772], [726, 739], [730, 737], [820, 738], [823, 743], [822, 774], [818, 778]]
[[975, 1279], [972, 1223], [999, 1222], [999, 1243], [1019, 1242], [1020, 1279], [975, 1279], [1007, 1191], [980, 1190], [977, 1190], [978, 1160], [983, 1160], [1006, 1161], [1008, 1161], [1007, 1191], [1007, 1191]]
[[1120, 1279], [1120, 1269], [1119, 1269], [1119, 1247], [1129, 1247], [1129, 1224], [1150, 1225], [1150, 1235], [1175, 1235], [1174, 1256], [1183, 1264], [1183, 1279]]
[[628, 1279], [629, 1235], [631, 1235], [635, 1235], [635, 1222], [670, 1223], [669, 1238], [670, 1238], [670, 1238], [677, 1238], [676, 1279], [667, 1279], [694, 1186], [657, 1185], [657, 1151], [695, 1152], [694, 1186], [694, 1186]]
[[477, 0], [477, 19], [474, 19], [455, 18], [453, 18], [453, 0]]
[[1002, 489], [976, 488], [974, 488], [975, 482], [961, 482], [961, 450], [962, 423], [966, 423], [966, 411], [1003, 412], [1007, 412], [1007, 412], [1007, 450], [1006, 478], [1003, 478], [1003, 489], [1002, 489], [1010, 578], [1007, 578], [983, 578], [979, 578], [980, 546], [1011, 547], [1010, 578], [1010, 578], [1002, 489], [1001, 515], [980, 515], [976, 514], [975, 514], [975, 495], [976, 492], [976, 488], [1002, 489], [1002, 489]]
[[379, 474], [379, 449], [377, 449], [377, 445], [376, 411], [399, 411], [410, 411], [433, 411], [433, 442], [437, 442], [437, 446], [437, 466], [412, 466], [412, 471], [412, 474], [410, 474], [379, 474], [380, 565], [380, 537], [400, 537], [403, 537], [408, 537], [408, 565], [402, 565], [385, 565], [380, 565], [380, 565]]
[[703, 775], [670, 775], [667, 772], [668, 731], [668, 721], [669, 679], [645, 679], [631, 679], [604, 679], [604, 720], [604, 732], [604, 771], [599, 775], [568, 774], [565, 771], [565, 681], [569, 677], [588, 677], [588, 645], [592, 641], [682, 642], [685, 646], [685, 679], [702, 679], [707, 682], [706, 765], [706, 769], [706, 772], [703, 775]]
[[1257, 781], [1229, 780], [1230, 692], [1279, 693], [1279, 731], [1254, 731], [1254, 738], [1254, 743], [1254, 749], [1258, 749], [1257, 781]]
[[0, 606], [18, 607], [17, 627], [16, 692], [16, 692], [0, 692]]
[[491, 1233], [513, 1234], [534, 1234], [534, 1249], [546, 1249], [546, 1275], [533, 1275], [533, 1279], [488, 1279], [489, 1233], [491, 1233], [522, 1151], [525, 1151], [549, 1151], [551, 1151], [550, 1180], [521, 1180], [521, 1175], [522, 1151], [522, 1151], [522, 1151], [521, 1175], [504, 1175], [500, 1175], [497, 1174], [497, 1147], [522, 1147], [522, 1151], [522, 1151]]
[[1094, 1230], [1093, 1279], [1038, 1279], [1038, 1245], [1039, 1211], [1059, 1211], [1066, 1211], [1066, 1225], [1094, 1226], [1094, 1230], [1100, 1194], [1069, 1193], [1070, 1168], [1070, 1165], [1071, 1165], [1098, 1166], [1101, 1166], [1100, 1194], [1100, 1194], [1094, 1230], [1094, 1226], [1066, 1225], [1066, 1211], [1059, 1211], [1059, 1207], [1066, 1207], [1070, 1207], [1099, 1207], [1098, 1230], [1094, 1230], [1094, 1230]]
[[96, 0], [95, 18], [93, 18], [67, 18], [65, 18], [65, 0], [96, 0], [95, 18], [95, 18]]
[[342, 230], [333, 230], [321, 230], [317, 230], [317, 216], [314, 216], [314, 168], [318, 168], [318, 151], [329, 151], [329, 167], [357, 168], [356, 215], [342, 230], [377, 86], [347, 85], [348, 61], [351, 61], [374, 61], [377, 61], [377, 86], [377, 86]]
[[219, 146], [221, 147], [220, 218], [213, 218], [213, 230], [178, 229], [176, 229], [177, 155], [182, 155], [182, 131], [198, 131], [203, 131], [203, 132], [204, 132], [203, 146], [219, 146], [215, 91], [187, 90], [187, 83], [187, 79], [187, 59], [190, 59], [212, 60], [215, 60], [215, 91], [215, 91]]
[[794, 1225], [794, 1244], [804, 1244], [808, 1244], [818, 1245], [817, 1279], [765, 1279], [766, 1264], [766, 1260], [766, 1245], [769, 1245], [769, 1221], [775, 1222], [794, 1222], [794, 1225], [824, 1190], [817, 1190], [813, 1189], [787, 1189], [788, 1156], [791, 1156], [823, 1157], [825, 1157], [824, 1190], [824, 1190]]
[[235, 0], [234, 27], [202, 27], [202, 0]]
[[428, 0], [412, 25], [408, 25], [388, 25], [383, 25], [384, 0], [413, 0], [413, 19], [412, 23], [412, 25], [412, 25]]
[[566, 0], [550, 26], [547, 26], [527, 26], [524, 26], [524, 0], [550, 0], [550, 26], [550, 26]]
[[324, 496], [324, 480], [323, 480], [323, 454], [319, 454], [319, 445], [319, 430], [316, 430], [316, 393], [352, 393], [357, 393], [363, 393], [363, 407], [363, 407], [363, 413], [363, 445], [363, 453], [361, 453], [361, 474], [356, 474], [356, 477], [354, 477], [354, 496], [324, 496], [348, 569], [348, 541], [371, 540], [371, 569], [368, 569], [352, 569], [348, 569], [348, 569]]
[[1179, 486], [1166, 485], [1167, 480], [1165, 480], [1161, 480], [1158, 480], [1156, 480], [1157, 451], [1157, 414], [1159, 414], [1173, 414], [1195, 415], [1194, 451], [1208, 451], [1208, 452], [1207, 477], [1196, 477], [1196, 480], [1183, 480], [1183, 486], [1179, 486], [1184, 580], [1179, 580], [1160, 579], [1155, 579], [1156, 548], [1160, 548], [1164, 548], [1185, 549], [1184, 580], [1184, 580]]
[[137, 1279], [137, 1263], [148, 1263], [148, 1251], [168, 1251], [168, 1263], [184, 1263], [184, 1278], [184, 1279]]
[[1052, 496], [1051, 496], [1050, 496], [1037, 496], [1034, 496], [1031, 496], [1028, 495], [1028, 483], [1016, 482], [1017, 450], [1017, 444], [1015, 444], [1016, 425], [1037, 426], [1041, 426], [1045, 426], [1054, 426], [1054, 447], [1053, 447], [1053, 447], [1053, 450], [1052, 494], [1052, 495], [1052, 496], [1051, 583], [1045, 583], [1036, 583], [1025, 583], [1020, 583], [1021, 555], [1036, 556], [1051, 556], [1051, 583], [1051, 583]]
[[543, 773], [504, 773], [492, 773], [453, 773], [449, 769], [450, 737], [453, 733], [497, 734], [501, 734], [543, 734], [546, 737], [546, 770], [543, 773]]
[[304, 0], [305, 24], [302, 24], [277, 23], [274, 23], [275, 0], [305, 0], [305, 24], [305, 24]]
[[782, 0], [781, 8], [781, 11], [781, 13], [780, 16], [779, 18], [778, 19], [776, 19], [774, 20], [771, 20], [769, 19], [767, 19], [765, 18], [763, 16], [763, 14], [762, 0], [761, 0], [768, 0], [759, 29], [757, 29], [731, 29], [728, 29], [728, 1], [733, 1], [737, 1], [760, 1], [759, 29], [759, 29]]
[[17, 0], [3, 20], [0, 20], [0, 20], [4, 0], [3, 20], [3, 20]]
[[459, 499], [458, 499], [458, 472], [453, 472], [452, 472], [452, 471], [446, 471], [446, 446], [446, 409], [452, 409], [452, 396], [461, 396], [467, 396], [489, 396], [489, 406], [494, 406], [494, 446], [494, 463], [503, 463], [503, 469], [503, 473], [503, 489], [479, 489], [479, 499], [459, 499], [479, 573], [447, 573], [447, 543], [480, 543], [479, 573], [479, 573]]
[[1208, 783], [1163, 782], [1164, 677], [1210, 678], [1208, 783]]
[[156, 769], [123, 768], [119, 768], [105, 768], [106, 699], [125, 699], [125, 689], [129, 689], [133, 689], [157, 689], [156, 769], [157, 635], [133, 634], [133, 605], [136, 605], [155, 606], [158, 606], [157, 635], [157, 635]]
[[1227, 1074], [1180, 1073], [1180, 1072], [1182, 978], [1182, 966], [1229, 967], [1229, 1001], [1228, 1005], [1228, 1041], [1227, 1045], [1227, 1072], [1227, 1074]]
[[997, 679], [967, 679], [968, 645], [968, 641], [968, 613], [1036, 614], [1038, 614], [1038, 646], [1051, 646], [1052, 617], [1078, 618], [1077, 678], [1035, 677], [1014, 677], [1014, 676], [997, 675], [997, 679]]
[[14, 226], [0, 226], [0, 139], [15, 139], [14, 226], [0, 89], [0, 89], [0, 58], [0, 58], [0, 89], [0, 89]]
[[452, 1223], [472, 1224], [480, 1224], [480, 1239], [463, 1239], [462, 1279], [423, 1279], [424, 1223], [452, 1223], [448, 1180], [423, 1180], [423, 1149], [425, 1149], [447, 1149], [448, 1150], [448, 1180], [448, 1180]]
[[170, 0], [173, 27], [171, 27], [143, 27], [141, 27], [141, 0], [173, 0], [173, 27], [173, 27]]
[[0, 400], [3, 400], [3, 442], [14, 442], [14, 443], [14, 466], [3, 466], [3, 476], [0, 476], [0, 532], [0, 532], [4, 532], [25, 532], [25, 564], [20, 564], [4, 564], [0, 564]]
[[673, 495], [673, 486], [673, 480], [654, 480], [654, 470], [654, 447], [653, 406], [664, 406], [669, 406], [692, 406], [692, 448], [693, 494], [673, 495], [663, 577], [663, 542], [707, 542], [707, 576], [696, 577], [666, 577], [663, 577], [663, 577]]
[[39, 471], [39, 456], [38, 456], [38, 449], [38, 443], [38, 402], [39, 402], [43, 402], [53, 402], [78, 402], [78, 419], [91, 419], [91, 441], [77, 441], [77, 443], [77, 464], [60, 464], [58, 464], [58, 470], [53, 470], [39, 471], [81, 567], [81, 540], [98, 540], [99, 567], [95, 567], [85, 567], [81, 567], [81, 567]]
[[620, 482], [620, 447], [620, 446], [591, 446], [591, 418], [603, 418], [603, 409], [649, 409], [650, 447], [650, 482], [620, 482], [619, 577], [586, 576], [587, 545], [620, 546], [619, 577], [619, 577]]
[[722, 483], [722, 448], [722, 410], [746, 410], [749, 410], [756, 409], [757, 448], [757, 469], [754, 469], [754, 483], [733, 483], [729, 483], [722, 483]]
[[795, 486], [795, 471], [792, 471], [792, 448], [791, 419], [804, 419], [804, 411], [806, 411], [810, 411], [826, 411], [826, 419], [824, 419], [824, 449], [824, 470], [815, 470], [815, 486], [795, 486], [819, 512], [789, 512], [790, 491], [820, 492], [820, 496], [819, 511], [819, 512], [819, 512]]
[[612, 1087], [502, 1085], [502, 1048], [499, 1048], [499, 1040], [503, 1040], [503, 1032], [517, 1032], [518, 958], [528, 958], [528, 954], [536, 954], [535, 958], [552, 958], [565, 959], [581, 959], [581, 955], [587, 955], [587, 960], [600, 960], [599, 1034], [611, 1034], [611, 1042], [615, 1042], [615, 1048], [615, 1049], [612, 1049], [612, 1087], [614, 1122], [501, 1120], [502, 1093], [615, 1095], [614, 1122], [614, 1122]]
[[1129, 1117], [1099, 1117], [1099, 1110], [1044, 1109], [1044, 1116], [1032, 1116], [1014, 1116], [1014, 1106], [975, 1105], [975, 1104], [978, 975], [978, 962], [981, 963], [1033, 963], [1042, 964], [1041, 1003], [1033, 1003], [1020, 1003], [1020, 1005], [1020, 1008], [1019, 1048], [1019, 1052], [1019, 1061], [1032, 1061], [1037, 1061], [1037, 1059], [1108, 1060], [1107, 1063], [1125, 1063], [1125, 1054], [1125, 1050], [1126, 1010], [1126, 1007], [1126, 1005], [1104, 1005], [1104, 965], [1167, 966], [1169, 966], [1166, 1108], [1166, 1109], [1129, 1108], [1129, 1117]]
[[88, 774], [34, 773], [37, 632], [91, 633], [88, 774]]
[[362, 1279], [363, 1256], [377, 1256], [378, 1223], [378, 1223], [406, 1223], [418, 1223], [417, 1264], [412, 1264], [412, 1279]]
[[905, 1279], [908, 1234], [917, 1234], [916, 1245], [924, 1246], [925, 1232], [946, 1233], [945, 1251], [949, 1251], [949, 1272], [952, 1272], [951, 1279]]
[[691, 0], [690, 29], [687, 29], [665, 29], [662, 29], [662, 0], [662, 0], [662, 0], [662, 0], [660, 0], [660, 0]]
[[828, 0], [827, 0], [830, 0], [829, 30], [825, 29], [804, 29], [799, 29], [799, 0], [807, 0], [827, 0], [827, 0], [828, 0], [828, 0], [827, 0], [807, 0]]
[[1141, 782], [1092, 781], [1093, 729], [1093, 726], [1093, 724], [1087, 724], [1088, 675], [1091, 675], [1091, 647], [1141, 648], [1141, 676], [1143, 676], [1141, 782]]
[[1214, 1211], [1172, 1210], [1173, 1191], [1157, 1191], [1157, 1157], [1236, 1158], [1236, 1161], [1236, 1177], [1223, 1177], [1223, 1180], [1223, 1182], [1223, 1185], [1222, 1211], [1214, 1211], [1223, 1180], [1242, 1180], [1242, 1182], [1242, 1186], [1241, 1221], [1213, 1220], [1214, 1211], [1222, 1211], [1223, 1185], [1223, 1182], [1223, 1180], [1223, 1180]]
[[722, 1082], [721, 1082], [669, 1081], [666, 1081], [667, 1051], [647, 1050], [634, 1050], [634, 1048], [636, 960], [674, 961], [673, 1002], [673, 1006], [673, 1020], [693, 1021], [697, 1021], [717, 1021], [718, 1007], [718, 1003], [719, 961], [756, 961], [754, 1051], [754, 1052], [742, 1052], [723, 1052], [722, 1082]]
[[734, 1216], [734, 1224], [734, 1237], [734, 1237], [746, 1238], [745, 1279], [700, 1279], [701, 1237], [706, 1237], [707, 1211], [707, 1209], [734, 1209], [734, 1212], [734, 1216]]
[[345, 0], [350, 25], [344, 25], [324, 25], [318, 25], [318, 0], [318, 0], [351, 0], [350, 25], [350, 25]]
[[262, 141], [275, 141], [275, 156], [282, 156], [281, 190], [294, 190], [294, 211], [288, 211], [288, 220], [250, 220], [251, 159], [246, 159], [247, 140], [262, 141], [293, 89], [273, 89], [273, 63], [277, 63], [290, 63], [293, 63], [293, 89], [293, 89]]
[[556, 1279], [557, 1232], [560, 1232], [565, 1232], [565, 1218], [598, 1219], [597, 1244], [616, 1244], [615, 1278], [600, 1278], [599, 1279]]
[[423, 116], [422, 140], [422, 155], [425, 155], [424, 169], [429, 169], [428, 176], [429, 176], [434, 180], [434, 191], [431, 194], [431, 194], [431, 195], [431, 199], [431, 219], [406, 219], [397, 219], [391, 219], [391, 213], [391, 209], [392, 192], [385, 192], [385, 169], [394, 169], [395, 107], [423, 107], [423, 116], [423, 116], [448, 116], [448, 140], [422, 140], [423, 116], [423, 116]]
[[242, 452], [242, 444], [242, 402], [247, 402], [247, 391], [264, 391], [276, 391], [293, 391], [293, 405], [295, 405], [296, 445], [296, 451], [273, 452], [269, 452], [242, 452]]
[[518, 466], [518, 446], [518, 410], [523, 409], [523, 400], [551, 400], [551, 413], [553, 413], [553, 431], [553, 435], [554, 447], [554, 456], [540, 456], [540, 466], [518, 466]]
[[376, 1208], [354, 1207], [354, 1183], [354, 1179], [354, 1166], [365, 1166], [365, 1150], [389, 1151], [388, 1175], [377, 1175], [376, 1208], [418, 1176], [393, 1176], [394, 1149], [415, 1149], [418, 1150], [418, 1176], [418, 1176]]
[[456, 155], [485, 156], [511, 156], [511, 233], [456, 233], [456, 155], [457, 92], [457, 67], [486, 67], [487, 92], [457, 92], [457, 92], [502, 156], [485, 156], [474, 156], [474, 136], [502, 136], [502, 156], [502, 156]]
[[0, 1269], [27, 1192], [25, 1192], [22, 1192], [9, 1191], [9, 1160], [12, 1160], [25, 1160], [27, 1160], [27, 1192], [27, 1192]]
[[79, 214], [56, 214], [52, 213], [43, 213], [43, 198], [34, 198], [35, 176], [43, 176], [43, 148], [50, 148], [51, 121], [61, 121], [69, 121], [80, 121], [79, 156], [95, 156], [94, 168], [94, 171], [94, 183], [79, 183], [79, 214], [95, 91], [72, 90], [72, 61], [74, 61], [94, 62], [95, 62], [95, 91], [95, 91]]
[[154, 211], [151, 211], [147, 211], [106, 210], [106, 185], [115, 185], [115, 142], [143, 143], [143, 123], [165, 123], [165, 173], [160, 172], [156, 172], [155, 172], [154, 211], [137, 89], [112, 88], [112, 56], [115, 56], [134, 57], [138, 57], [137, 89], [137, 89]]
[[33, 1279], [73, 1192], [42, 1192], [42, 1163], [46, 1163], [69, 1163], [73, 1163], [73, 1192], [73, 1192]]
[[643, 231], [620, 231], [615, 230], [595, 230], [595, 195], [601, 195], [601, 173], [631, 173], [631, 196], [644, 196], [643, 210], [643, 214], [643, 231], [650, 99], [622, 99], [623, 74], [626, 74], [648, 74], [650, 74], [650, 99], [650, 99]]
[[567, 242], [542, 241], [537, 241], [534, 241], [535, 230], [533, 230], [533, 174], [574, 175], [573, 192], [567, 192], [567, 231], [567, 231], [567, 242], [582, 95], [553, 95], [553, 67], [556, 67], [579, 67], [582, 67], [582, 95], [582, 95]]
[[1073, 782], [1034, 781], [1025, 781], [1018, 781], [968, 780], [969, 741], [993, 741], [993, 731], [1035, 731], [1049, 732], [1049, 742], [1074, 742], [1073, 782]]
[[637, 0], [620, 29], [617, 29], [597, 29], [593, 29], [593, 11], [593, 7], [593, 3], [620, 3], [620, 29], [620, 29]]
[[802, 577], [802, 567], [799, 567], [799, 540], [792, 540], [792, 519], [813, 518], [813, 521], [813, 532], [813, 535], [827, 535], [827, 541], [831, 541], [831, 549], [842, 549], [842, 565], [830, 566], [830, 576], [802, 577]]
[[131, 474], [130, 458], [129, 458], [129, 447], [127, 447], [127, 444], [127, 420], [128, 420], [128, 403], [138, 403], [145, 403], [147, 403], [147, 391], [166, 390], [167, 444], [167, 455], [165, 455], [165, 479], [131, 479], [131, 474], [103, 567], [102, 538], [126, 538], [126, 543], [126, 546], [126, 566], [124, 566], [106, 567], [103, 567], [103, 567], [165, 479], [165, 487], [154, 486], [154, 498], [152, 498], [149, 498], [127, 498], [127, 474], [131, 474], [131, 479], [165, 479], [165, 479]]
[[453, 1106], [453, 1106], [401, 1105], [398, 1105], [398, 1087], [368, 1086], [364, 1086], [366, 1002], [366, 991], [367, 951], [415, 952], [415, 946], [456, 947], [456, 949], [453, 1106]]
[[1279, 1104], [1249, 1103], [1249, 1103], [1250, 1018], [1251, 1018], [1270, 1018], [1270, 1003], [1279, 1003]]
[[380, 775], [308, 773], [299, 773], [224, 772], [224, 768], [200, 768], [200, 718], [193, 718], [195, 634], [207, 634], [208, 603], [334, 606], [333, 636], [273, 635], [273, 650], [279, 650], [279, 669], [272, 669], [272, 693], [286, 694], [287, 681], [323, 681], [323, 694], [335, 694], [336, 671], [330, 671], [330, 652], [335, 652], [335, 635], [337, 635], [337, 636], [414, 637], [414, 667], [414, 684], [414, 688], [413, 720], [411, 720], [405, 719], [404, 770], [381, 769], [380, 775]]
[[866, 1240], [873, 1241], [873, 1279], [882, 1279], [838, 1279], [839, 1240], [841, 1240], [860, 1240], [864, 1240], [866, 1240], [892, 1185], [874, 1185], [874, 1181], [874, 1178], [874, 1155], [876, 1155], [891, 1156], [892, 1156], [892, 1185], [892, 1185]]
[[1279, 499], [1248, 499], [1248, 481], [1239, 481], [1239, 454], [1245, 454], [1245, 452], [1245, 428], [1250, 428], [1254, 428], [1279, 429], [1279, 452], [1279, 478], [1279, 478], [1279, 499], [1249, 581], [1246, 581], [1228, 580], [1226, 580], [1226, 550], [1249, 551], [1249, 581], [1249, 581]]
[[199, 482], [199, 468], [183, 468], [183, 454], [175, 455], [175, 444], [175, 422], [187, 422], [187, 411], [206, 411], [211, 411], [219, 411], [219, 424], [222, 424], [222, 444], [222, 482], [199, 482], [196, 568], [196, 544], [221, 544], [221, 568], [216, 568], [202, 568], [196, 568], [196, 568]]
[[695, 229], [676, 229], [670, 229], [661, 229], [662, 158], [697, 159], [703, 159], [703, 180], [696, 180], [695, 229], [720, 102], [707, 102], [707, 94], [707, 92], [704, 92], [704, 91], [704, 70], [706, 70], [720, 70], [723, 70], [722, 93], [720, 93], [720, 102], [720, 102]]
[[830, 679], [751, 678], [752, 644], [766, 644], [766, 621], [831, 622], [830, 647], [830, 654], [830, 679], [744, 640], [717, 640], [717, 609], [719, 609], [742, 610], [744, 610], [744, 640], [744, 640]]
[[1122, 506], [1106, 505], [1103, 505], [1099, 505], [1100, 472], [1095, 472], [1091, 472], [1088, 472], [1089, 451], [1090, 420], [1092, 420], [1096, 420], [1102, 420], [1102, 416], [1125, 416], [1125, 423], [1126, 423], [1126, 442], [1146, 442], [1145, 451], [1145, 484], [1122, 483], [1122, 506], [1147, 579], [1143, 579], [1122, 579], [1117, 579], [1118, 549], [1147, 549], [1147, 579], [1147, 579]]
[[923, 1114], [894, 1114], [894, 1107], [837, 1106], [837, 1113], [808, 1112], [808, 1101], [771, 1101], [772, 1051], [774, 962], [835, 963], [834, 999], [813, 999], [813, 1002], [813, 1006], [812, 1059], [835, 1060], [835, 1049], [852, 1050], [855, 1050], [877, 1050], [881, 1050], [900, 1051], [900, 1061], [921, 1062], [922, 1008], [922, 1004], [922, 1000], [900, 999], [901, 963], [961, 964], [962, 964], [962, 978], [959, 1104], [959, 1105], [924, 1105], [923, 1114]]
