[[640, 352], [586, 352], [585, 319], [615, 319], [615, 330], [622, 330], [622, 318], [670, 318], [670, 351], [640, 352]]
[[0, 189], [0, 195], [1, 195], [1, 234], [5, 238], [5, 247], [3, 251], [3, 276], [0, 281], [0, 289], [0, 290]]
[[1000, 417], [999, 358], [1028, 357], [1029, 416], [1000, 417]]
[[1097, 1279], [1097, 1270], [1120, 1270], [1120, 1279]]
[[713, 703], [711, 634], [711, 633], [711, 633], [711, 633], [710, 633], [710, 632], [710, 631], [710, 631], [710, 631], [710, 630], [710, 629], [710, 628], [710, 628], [710, 627], [710, 626], [710, 626], [710, 626], [710, 625], [711, 625], [711, 624], [712, 624], [712, 624], [713, 623], [713, 623], [713, 622], [714, 622], [714, 622], [714, 622], [715, 622], [716, 622], [717, 622], [717, 622], [718, 622], [719, 622], [719, 622], [720, 622], [720, 622], [721, 623], [722, 623], [722, 624], [723, 624], [723, 624], [769, 623], [769, 623], [770, 623], [770, 622], [771, 622], [771, 622], [772, 622], [772, 621], [773, 621], [773, 621], [774, 621], [775, 621], [775, 622], [775, 622], [776, 622], [777, 622], [777, 623], [777, 623], [777, 623], [778, 623], [778, 624], [779, 624], [779, 625], [779, 625], [779, 626], [779, 626], [780, 626], [780, 627], [780, 628], [780, 628], [780, 629], [780, 630], [780, 630], [780, 631], [780, 632], [779, 632], [779, 632], [779, 633], [779, 633], [779, 634], [778, 634], [778, 634], [777, 634], [777, 635], [779, 702], [713, 703]]
[[830, 428], [827, 370], [857, 368], [859, 427], [830, 428]]
[[0, 634], [194, 627], [199, 988], [197, 988], [176, 989], [176, 992], [0, 997]]
[[59, 76], [59, 66], [50, 66], [49, 0], [77, 0], [78, 23], [84, 23], [85, 66], [76, 66], [77, 75], [59, 76]]
[[784, 67], [777, 67], [773, 62], [770, 62], [770, 0], [806, 0], [806, 46], [801, 46], [801, 62], [790, 62], [784, 67], [769, 0]]
[[1048, 65], [1030, 65], [1030, 59], [1018, 60], [1017, 25], [1021, 22], [1020, 12], [1017, 12], [1017, 0], [1045, 0], [1046, 6], [1050, 10], [1051, 19], [1047, 23], [1048, 65]]
[[837, 67], [828, 66], [823, 62], [812, 63], [811, 22], [816, 17], [814, 0], [842, 0], [844, 23], [839, 29], [840, 53], [842, 55], [842, 60], [837, 67], [812, 0]]
[[957, 981], [947, 981], [947, 974], [945, 974], [945, 947], [949, 943], [944, 938], [943, 900], [973, 899], [975, 973], [973, 973], [973, 975], [956, 975], [957, 981]]
[[995, 979], [995, 973], [985, 973], [983, 976], [979, 973], [977, 892], [1008, 892], [1009, 974], [1004, 978], [995, 979], [976, 855], [976, 813], [1005, 812], [1006, 855], [976, 855], [976, 855]]
[[1022, 269], [1000, 269], [999, 229], [996, 225], [996, 211], [998, 209], [997, 183], [1011, 183], [1011, 178], [1026, 178], [1026, 183], [1028, 183], [1029, 215], [1024, 219], [1029, 224], [1029, 255], [1022, 255], [1022, 269], [1003, 329], [1002, 299], [1027, 298], [1027, 328], [1003, 329], [1003, 329]]
[[277, 521], [276, 479], [272, 473], [271, 434], [304, 433], [306, 513], [301, 518], [294, 519], [294, 521], [277, 521]]
[[0, 427], [0, 426], [0, 440], [1, 440], [2, 466], [6, 471], [6, 481], [2, 485], [3, 518], [0, 521], [0, 522]]
[[1065, 269], [1064, 244], [1067, 242], [1067, 229], [1063, 225], [1062, 179], [1074, 179], [1074, 177], [1079, 173], [1087, 173], [1094, 180], [1094, 213], [1098, 217], [1098, 229], [1094, 232], [1095, 269], [1065, 269]]
[[640, 352], [642, 355], [674, 355], [675, 384], [642, 385], [642, 380], [625, 380], [625, 386], [586, 386], [586, 353], [640, 352]]
[[187, 521], [187, 516], [185, 516], [183, 420], [215, 419], [216, 456], [219, 460], [220, 473], [217, 477], [217, 515], [213, 519], [203, 519], [200, 521], [187, 521]]
[[1143, 972], [1133, 972], [1129, 966], [1116, 967], [1115, 927], [1119, 924], [1118, 878], [1148, 878], [1150, 925], [1145, 929], [1145, 966], [1144, 966], [1143, 972]]
[[1213, 525], [1213, 517], [1211, 518], [1208, 442], [1218, 441], [1217, 424], [1229, 424], [1229, 439], [1235, 439], [1240, 445], [1241, 468], [1236, 471], [1236, 481], [1239, 481], [1239, 482], [1239, 518], [1230, 519], [1231, 524], [1213, 525]]
[[12, 285], [8, 194], [24, 194], [28, 190], [35, 190], [39, 193], [40, 214], [43, 218], [44, 231], [40, 236], [41, 284], [12, 285], [21, 341], [20, 313], [44, 312], [46, 340], [21, 341], [21, 341]]
[[1233, 1279], [1226, 1267], [1279, 1264]]
[[867, 521], [864, 440], [895, 439], [896, 520], [867, 521], [893, 393], [862, 392], [863, 362], [892, 362], [893, 393], [893, 393]]
[[575, 10], [575, 0], [668, 0], [668, 8], [619, 9], [614, 4], [609, 5], [607, 9], [575, 10]]
[[897, 65], [893, 61], [882, 62], [879, 0], [909, 0], [911, 7], [913, 9], [913, 20], [911, 24], [912, 59], [908, 64], [897, 65]]
[[1082, 1168], [1052, 1167], [1051, 1138], [1054, 1132], [1054, 1123], [1050, 1119], [1050, 1088], [1063, 1088], [1066, 1082], [1076, 1082], [1080, 1087], [1080, 1103], [1085, 1109], [1085, 1116], [1082, 1118], [1082, 1168]]
[[1132, 266], [1132, 225], [1136, 225], [1136, 223], [1132, 217], [1131, 178], [1144, 178], [1145, 172], [1158, 172], [1162, 177], [1161, 177], [1161, 209], [1166, 214], [1166, 224], [1164, 226], [1164, 253], [1162, 253], [1163, 266], [1132, 266]]
[[1098, 64], [1098, 58], [1086, 58], [1085, 0], [1113, 0], [1114, 3], [1119, 8], [1120, 16], [1116, 21], [1116, 64], [1098, 64]]
[[773, 532], [629, 534], [626, 491], [771, 489], [773, 532]]
[[717, 804], [629, 804], [629, 778], [716, 778], [717, 804], [779, 775], [779, 804], [752, 803], [751, 776], [779, 775], [779, 775]]
[[715, 838], [622, 839], [621, 813], [715, 812], [715, 838], [780, 811], [781, 847], [749, 846], [749, 813], [780, 811], [780, 811]]
[[634, 1279], [632, 1271], [725, 1269], [726, 1279], [762, 1279], [761, 1266], [793, 1266], [793, 1279]]
[[719, 872], [628, 873], [628, 847], [718, 846], [719, 872], [781, 876], [753, 877], [751, 849], [780, 849], [781, 876], [781, 876]]
[[712, 768], [620, 769], [620, 744], [711, 743], [712, 768], [779, 741], [779, 770], [749, 769], [749, 741], [779, 741], [779, 741]]
[[663, 313], [601, 313], [596, 171], [659, 172], [663, 313]]
[[834, 642], [835, 736], [804, 735], [804, 642], [834, 642]]
[[1267, 519], [1259, 519], [1255, 515], [1243, 515], [1243, 467], [1245, 464], [1241, 460], [1241, 441], [1240, 440], [1239, 430], [1273, 430], [1273, 456], [1271, 460], [1272, 513], [1267, 519]]
[[34, 522], [29, 517], [17, 518], [14, 432], [46, 432], [47, 466], [50, 469], [51, 481], [47, 484], [49, 515], [42, 522], [34, 522], [23, 400], [23, 371], [50, 370], [51, 399], [23, 400], [23, 400]]
[[1278, 418], [1279, 417], [1279, 506], [1278, 418]]
[[860, 66], [858, 62], [849, 62], [847, 21], [851, 16], [851, 0], [846, 0], [846, 0], [875, 0], [876, 11], [879, 14], [880, 22], [876, 26], [877, 61], [870, 65], [860, 66]]
[[791, 264], [790, 180], [792, 180], [796, 175], [802, 175], [807, 181], [820, 181], [821, 263], [791, 264], [796, 338], [795, 312], [826, 310], [827, 337], [796, 338], [796, 338]]
[[969, 520], [968, 478], [972, 474], [972, 456], [967, 456], [966, 425], [1001, 424], [1002, 471], [997, 476], [998, 514], [994, 520], [969, 520]]
[[1145, 526], [1145, 517], [1143, 517], [1142, 434], [1172, 434], [1173, 517], [1164, 518], [1164, 525], [1145, 526]]
[[576, 79], [576, 49], [647, 47], [647, 77], [576, 79]]
[[1082, 64], [1064, 64], [1064, 59], [1053, 59], [1050, 0], [1080, 0], [1080, 4], [1084, 7], [1084, 17], [1081, 21], [1082, 64], [1051, 0]]
[[79, 521], [75, 516], [62, 516], [59, 427], [89, 426], [90, 464], [94, 468], [95, 480], [91, 483], [93, 517], [88, 521], [79, 521], [69, 402], [68, 369], [96, 369], [97, 401], [69, 402], [69, 402]]
[[721, 981], [630, 982], [629, 955], [720, 954], [721, 981], [784, 981], [757, 981], [755, 955], [784, 954], [784, 981], [784, 981]]
[[1279, 61], [1276, 61], [1271, 55], [1257, 55], [1256, 0]]
[[51, 288], [47, 194], [59, 194], [66, 189], [74, 189], [78, 194], [78, 194], [80, 231], [84, 236], [83, 245], [81, 251], [81, 276], [78, 275], [78, 286], [51, 288]]
[[33, 70], [28, 65], [16, 65], [15, 31], [21, 27], [20, 0], [47, 0], [48, 25], [45, 28], [46, 64], [39, 70], [33, 70]]
[[962, 273], [961, 230], [966, 225], [971, 225], [971, 218], [961, 219], [960, 184], [963, 184], [962, 179], [978, 178], [978, 183], [990, 183], [991, 211], [994, 214], [994, 229], [990, 233], [991, 272], [962, 273]]
[[931, 64], [927, 60], [916, 60], [914, 20], [919, 15], [918, 0], [914, 0], [913, 0], [943, 0], [945, 9], [948, 12], [949, 21], [944, 26], [945, 59], [941, 63], [931, 64]]
[[805, 536], [803, 533], [798, 533], [796, 434], [825, 433], [827, 532], [815, 532], [811, 535], [805, 536]]
[[771, 452], [625, 453], [625, 422], [770, 420], [771, 452]]
[[720, 940], [629, 942], [629, 916], [719, 914], [720, 940], [782, 949], [757, 950], [754, 923], [784, 922], [782, 949], [782, 949]]
[[141, 523], [140, 517], [139, 517], [137, 419], [168, 419], [168, 428], [171, 432], [172, 478], [176, 482], [176, 493], [173, 497], [173, 514], [167, 520], [159, 520], [155, 516], [155, 522], [141, 523]]
[[1167, 259], [1166, 235], [1173, 229], [1173, 219], [1166, 212], [1165, 177], [1178, 177], [1181, 173], [1189, 172], [1194, 177], [1197, 177], [1197, 193], [1200, 197], [1201, 211], [1195, 217], [1196, 258], [1167, 259], [1200, 326], [1172, 326], [1173, 295], [1200, 295], [1200, 326], [1200, 326]]
[[924, 267], [894, 267], [894, 233], [899, 228], [893, 223], [893, 184], [902, 184], [902, 183], [924, 182], [924, 267]]
[[508, 813], [335, 817], [332, 692], [505, 692], [508, 813]]
[[231, 522], [231, 515], [229, 419], [261, 417], [263, 474], [268, 480], [268, 492], [264, 496], [264, 513], [258, 519], [250, 520], [248, 521], [231, 522], [253, 393], [241, 393], [240, 364], [267, 363], [267, 389], [254, 389], [253, 393], [253, 393]]
[[808, 975], [806, 879], [839, 878], [842, 974], [808, 975], [839, 850], [805, 849], [805, 820], [838, 820], [839, 850], [839, 850]]
[[212, 71], [204, 71], [200, 65], [173, 65], [169, 68], [161, 69], [156, 64], [156, 48], [153, 44], [153, 33], [156, 31], [155, 10], [173, 10], [173, 1], [187, 1], [187, 0], [205, 0], [205, 1], [215, 2], [221, 5], [220, 22], [216, 26], [217, 65], [212, 71]]
[[401, 478], [401, 449], [329, 450], [327, 352], [330, 352], [495, 349], [497, 476], [401, 478]]
[[1271, 255], [1270, 227], [1276, 227], [1275, 213], [1270, 207], [1268, 174], [1279, 173], [1279, 254], [1271, 255]]
[[1000, 64], [997, 59], [984, 59], [982, 0], [1012, 0], [1013, 6], [1016, 8], [1016, 18], [1013, 23], [1013, 57], [1009, 64], [1000, 64]]
[[1047, 975], [1046, 912], [1076, 911], [1077, 975], [1047, 975], [1075, 851], [1049, 850], [1049, 815], [1075, 816], [1075, 851], [1075, 851]]
[[723, 1157], [626, 1159], [626, 1132], [722, 1132], [723, 1157], [789, 1152], [758, 1152], [756, 1127], [789, 1126], [789, 1152], [789, 1152]]
[[813, 1164], [811, 1085], [816, 1078], [829, 1078], [833, 1085], [842, 1084], [844, 1164], [813, 1164]]
[[1092, 1151], [1092, 1137], [1089, 1137], [1088, 1089], [1116, 1088], [1117, 1150], [1092, 1151]]
[[128, 281], [126, 193], [140, 193], [143, 188], [152, 188], [156, 192], [157, 211], [162, 216], [162, 229], [157, 236], [158, 281], [128, 281]]
[[851, 980], [845, 974], [844, 937], [842, 935], [841, 888], [871, 888], [871, 932], [875, 935], [876, 975], [865, 975], [860, 979], [851, 980], [841, 846], [840, 819], [865, 819], [865, 846], [841, 846], [841, 846]]
[[901, 979], [893, 979], [888, 975], [877, 975], [876, 935], [880, 932], [880, 896], [909, 895], [910, 924], [906, 928], [906, 975], [905, 975], [901, 979]]
[[1186, 965], [1183, 872], [1182, 872], [1182, 862], [1213, 862], [1214, 871], [1213, 871], [1214, 964], [1186, 965]]
[[881, 1180], [879, 1093], [911, 1091], [911, 1113], [915, 1116], [915, 1131], [911, 1134], [912, 1179], [881, 1180]]
[[1239, 255], [1238, 217], [1233, 210], [1232, 176], [1245, 176], [1252, 171], [1258, 171], [1263, 177], [1265, 176], [1265, 194], [1268, 197], [1268, 230], [1264, 231], [1264, 255], [1239, 255]]
[[1098, 972], [1092, 967], [1082, 967], [1081, 932], [1085, 928], [1084, 910], [1081, 910], [1079, 879], [1112, 878], [1113, 927], [1110, 931], [1112, 966], [1110, 967], [1106, 971], [1098, 972]]
[[939, 733], [909, 734], [906, 643], [936, 643], [939, 733]]
[[608, 1264], [606, 1162], [777, 1158], [779, 1211], [744, 1211], [744, 1195], [662, 1196], [663, 1263], [608, 1264]]
[[1171, 63], [1167, 59], [1156, 59], [1153, 0], [1183, 0], [1184, 3], [1188, 6], [1188, 16], [1184, 20], [1185, 57], [1180, 63], [1171, 63]]
[[1109, 717], [1109, 640], [1138, 639], [1139, 716], [1109, 717]]
[[1189, 1176], [1188, 1146], [1192, 1146], [1192, 1130], [1188, 1131], [1188, 1092], [1197, 1092], [1197, 1085], [1216, 1084], [1218, 1175], [1189, 1176]]
[[267, 292], [266, 241], [272, 237], [264, 231], [263, 191], [278, 190], [283, 185], [291, 185], [298, 191], [301, 292], [267, 292], [295, 339], [269, 339], [269, 308], [294, 308], [295, 339], [295, 339]]
[[100, 70], [96, 66], [85, 66], [84, 0], [117, 0], [117, 25], [113, 30], [113, 65], [109, 69], [100, 70]]
[[927, 263], [927, 229], [930, 222], [929, 184], [934, 180], [944, 180], [948, 184], [959, 184], [960, 221], [955, 230], [956, 263], [927, 263]]
[[335, 817], [508, 813], [512, 986], [325, 991], [225, 993], [220, 820], [326, 817], [335, 817]]
[[669, 722], [616, 722], [611, 645], [676, 645], [676, 669], [667, 669], [669, 722]]
[[90, 291], [87, 193], [102, 193], [105, 189], [113, 189], [118, 194], [119, 233], [123, 236], [123, 248], [120, 252], [121, 290], [90, 291]]
[[128, 69], [122, 64], [122, 28], [119, 25], [118, 0], [146, 0], [147, 21], [151, 24], [152, 63], [141, 63], [137, 68], [128, 69]]
[[859, 267], [859, 237], [862, 235], [862, 226], [859, 223], [859, 185], [868, 185], [868, 184], [887, 184], [888, 222], [893, 227], [893, 235], [888, 239], [889, 267], [859, 267], [863, 335], [862, 303], [889, 302], [890, 334], [863, 335], [863, 335]]
[[1047, 519], [1041, 512], [1039, 432], [1068, 432], [1070, 511], [1060, 512], [1053, 518], [1047, 519]]
[[1134, 63], [1134, 58], [1121, 58], [1120, 0], [1148, 0], [1149, 2], [1154, 7], [1154, 17], [1150, 19], [1151, 63], [1134, 63]]
[[771, 485], [626, 488], [625, 458], [771, 454], [771, 485]]
[[384, 335], [328, 336], [323, 180], [381, 178], [384, 335]]
[[764, 312], [699, 313], [696, 169], [758, 169], [764, 312]]
[[716, 906], [624, 908], [623, 883], [715, 881], [716, 906], [782, 881], [782, 917], [751, 916], [750, 881], [782, 881], [782, 881]]
