[[1153, 34], [1152, 0], [1209, 0], [1210, 33], [1153, 34], [1279, 37], [1260, 37], [1260, 0]]
[[263, 1024], [263, 1004], [270, 1004], [270, 989], [332, 988], [333, 1022], [263, 1024], [382, 1009], [381, 985], [407, 984], [408, 1008], [382, 1009], [382, 1009]]
[[1175, 842], [1174, 803], [1213, 803], [1213, 819], [1228, 819], [1229, 841], [1175, 842]]
[[72, 623], [71, 586], [124, 584], [125, 621], [72, 623], [64, 625], [39, 625], [38, 593], [64, 592], [64, 625], [64, 625]]
[[1197, 340], [1197, 328], [1166, 329], [1166, 305], [1158, 305], [1157, 285], [1201, 284], [1201, 270], [1224, 269], [1224, 284], [1255, 283], [1256, 324], [1208, 325], [1208, 340], [1197, 340], [1279, 347], [1267, 346], [1268, 312], [1279, 312], [1279, 298], [1266, 298], [1266, 265], [1279, 265]]
[[572, 935], [530, 935], [531, 903], [572, 903], [572, 935], [441, 932], [439, 900], [471, 899], [472, 930], [441, 932], [441, 932]]
[[1177, 700], [1176, 683], [1171, 683], [1170, 665], [1241, 664], [1241, 699], [1177, 700]]
[[1183, 1027], [1182, 990], [1250, 990], [1250, 1027], [1183, 1027]]
[[341, 777], [338, 716], [364, 715], [366, 776], [341, 777]]
[[389, 781], [389, 776], [376, 776], [374, 730], [414, 729], [417, 780], [389, 781]]
[[271, 1072], [271, 1056], [264, 1056], [264, 1037], [335, 1035], [336, 1069], [271, 1072], [382, 1072], [380, 1046], [410, 1044], [411, 1071], [382, 1072], [382, 1072]]
[[462, 187], [462, 178], [435, 178], [434, 141], [562, 138], [563, 172], [560, 177], [553, 177], [553, 185], [529, 186], [529, 177], [486, 177], [487, 186], [462, 187]]
[[77, 59], [63, 59], [59, 53], [15, 53], [14, 21], [98, 19], [99, 29], [103, 31], [107, 35], [109, 40], [108, 45], [105, 49], [101, 52], [98, 53], [80, 54], [77, 59], [0, 61]]
[[41, 146], [41, 139], [29, 140], [28, 121], [40, 121], [40, 110], [101, 108], [102, 128], [105, 127], [105, 143], [41, 146], [0, 132]]
[[1162, 476], [1162, 450], [1165, 449], [1165, 439], [1251, 438], [1251, 448], [1263, 448], [1263, 469], [1250, 470], [1250, 475], [1162, 476]]
[[66, 1258], [65, 1224], [131, 1221], [131, 1219], [138, 1218], [144, 1223], [144, 1237], [139, 1243], [131, 1243], [131, 1255], [66, 1258]]
[[472, 271], [472, 264], [458, 264], [457, 242], [471, 242], [471, 237], [564, 235], [564, 269], [472, 271]]
[[1032, 1153], [991, 1153], [991, 1145], [984, 1145], [984, 1141], [970, 1141], [970, 1120], [990, 1120], [990, 1121], [1032, 1121], [1032, 1153]]
[[128, 744], [52, 744], [52, 730], [64, 730], [64, 715], [128, 716], [128, 744]]
[[513, 1114], [514, 1082], [576, 1081], [577, 1113], [513, 1114]]
[[266, 1206], [266, 1187], [275, 1186], [275, 1172], [339, 1170], [340, 1187], [338, 1187], [338, 1204], [266, 1206]]
[[560, 779], [560, 734], [591, 733], [591, 779], [560, 779]]
[[249, 3], [248, 0], [294, 0], [295, 1], [249, 3], [351, 0]]
[[1182, 1116], [1180, 1071], [1208, 1070], [1209, 1068], [1222, 1068], [1222, 1070], [1260, 1070], [1261, 1092], [1273, 1092], [1273, 1113], [1182, 1116]]
[[439, 780], [439, 775], [428, 775], [426, 727], [445, 727], [444, 714], [463, 714], [464, 726], [466, 726], [467, 779], [439, 780], [424, 681], [422, 650], [450, 648], [452, 680], [424, 681], [424, 681]]
[[723, 932], [723, 902], [766, 902], [766, 913], [774, 913], [794, 912], [794, 931], [773, 931], [723, 932], [840, 931], [839, 902], [860, 901], [861, 931], [840, 931], [840, 931]]
[[68, 680], [69, 651], [126, 650], [127, 679], [68, 680], [39, 685], [39, 653], [62, 653], [62, 685], [39, 685], [39, 685]]
[[62, 1119], [61, 1084], [127, 1084], [127, 1098], [134, 1098], [139, 1104], [140, 1113], [135, 1118], [62, 1119]]
[[946, 221], [946, 213], [905, 214], [904, 179], [952, 178], [952, 192], [967, 191], [967, 185], [1013, 183], [1016, 185], [1016, 200], [1015, 203], [1013, 203], [1013, 215], [957, 217], [957, 220], [946, 221]]
[[70, 522], [70, 483], [123, 483], [124, 522], [70, 522]]
[[1181, 936], [1180, 900], [1254, 899], [1254, 905], [1270, 906], [1271, 923], [1256, 923], [1256, 934], [1181, 936]]
[[477, 367], [477, 361], [466, 361], [466, 345], [475, 345], [475, 333], [568, 332], [568, 336], [571, 340], [572, 358], [569, 361], [568, 367], [477, 367]]
[[930, 775], [928, 728], [959, 727], [961, 774], [930, 775], [934, 676], [933, 643], [962, 641], [964, 675], [934, 676], [934, 676]]
[[70, 569], [70, 531], [124, 531], [123, 569], [70, 569]]
[[520, 781], [518, 735], [530, 734], [528, 710], [548, 710], [551, 780], [520, 781]]
[[251, 231], [250, 197], [316, 195], [317, 204], [327, 204], [328, 222], [317, 223], [317, 229], [251, 231], [358, 224], [357, 194], [387, 194], [387, 223], [358, 224], [358, 224]]
[[47, 326], [47, 317], [34, 317], [33, 304], [46, 305], [46, 289], [106, 289], [107, 325], [47, 326]]
[[531, 979], [531, 966], [510, 966], [510, 947], [574, 947], [574, 978], [531, 979], [441, 978], [441, 949], [474, 948], [474, 978], [441, 978], [441, 978]]
[[696, 41], [695, 37], [692, 30], [691, 23], [692, 14], [694, 11], [694, 6], [780, 4], [791, 4], [793, 39], [780, 38], [696, 41]]
[[470, 227], [470, 221], [458, 221], [458, 205], [470, 204], [470, 192], [560, 191], [561, 194], [564, 199], [565, 216], [562, 221], [562, 225], [470, 227]]
[[937, 82], [937, 73], [928, 74], [927, 62], [938, 62], [937, 47], [1011, 45], [1012, 80], [937, 82]]
[[254, 369], [255, 335], [309, 335], [309, 338], [322, 338], [322, 352], [309, 352], [309, 364], [299, 364], [299, 369], [254, 369], [362, 370], [362, 334], [394, 334], [394, 369], [362, 370], [362, 370]]
[[770, 1157], [729, 1156], [729, 1124], [769, 1124], [769, 1135], [772, 1135], [789, 1136], [789, 1153], [772, 1153], [770, 1153], [770, 1157], [834, 1159], [833, 1128], [864, 1127], [865, 1158], [834, 1159], [834, 1159]]
[[727, 1065], [726, 1034], [769, 1033], [769, 1032], [773, 1031], [796, 1032], [796, 1064], [773, 1065], [727, 1065]]
[[1169, 563], [1167, 530], [1220, 528], [1220, 541], [1242, 541], [1242, 559], [1169, 563], [1271, 561], [1271, 533], [1279, 532], [1279, 560], [1271, 561], [1271, 561]]
[[982, 130], [982, 125], [915, 127], [914, 94], [965, 93], [971, 87], [978, 87], [985, 92], [1013, 91], [1014, 125], [993, 125], [993, 130], [982, 130], [868, 133], [866, 97], [895, 96], [897, 132], [868, 133], [868, 133]]
[[433, 99], [431, 61], [459, 60], [458, 51], [484, 51], [484, 60], [525, 59], [525, 50], [550, 50], [550, 59], [556, 59], [560, 63], [561, 96], [433, 99]]
[[1170, 652], [1170, 618], [1231, 618], [1231, 636], [1224, 636], [1224, 647], [1218, 651], [1170, 652], [1274, 653], [1274, 621], [1279, 619], [1279, 652], [1274, 653], [1274, 653]]
[[41, 191], [41, 186], [27, 186], [26, 164], [40, 164], [41, 155], [102, 154], [102, 181], [100, 181], [100, 190], [41, 191], [0, 191], [0, 191], [0, 159], [0, 159], [0, 191], [0, 191]]
[[765, 1113], [765, 1110], [727, 1110], [727, 1078], [769, 1079], [769, 1088], [772, 1088], [796, 1088], [796, 1113], [772, 1113], [765, 1113], [836, 1085], [866, 1083], [868, 1116], [838, 1117], [836, 1085], [836, 1085]]
[[890, 777], [888, 731], [918, 730], [920, 776], [890, 777]]
[[275, 1161], [275, 1147], [268, 1147], [265, 1144], [265, 1131], [268, 1128], [337, 1127], [337, 1161], [275, 1161], [384, 1162], [384, 1135], [411, 1134], [412, 1161], [384, 1162], [384, 1162]]
[[270, 1279], [272, 1277], [277, 1276], [277, 1263], [341, 1261], [342, 1279]]
[[75, 988], [75, 949], [133, 948], [133, 958], [136, 958], [137, 987], [75, 988]]
[[724, 976], [724, 946], [765, 946], [765, 957], [773, 957], [787, 957], [788, 975], [773, 976], [724, 976], [838, 951], [864, 951], [865, 977], [839, 978], [839, 978], [838, 951], [838, 951]]
[[62, 1279], [62, 1267], [131, 1266], [132, 1277], [138, 1277], [143, 1279]]
[[711, 529], [711, 484], [722, 484], [721, 474], [740, 474], [740, 528], [711, 529]]
[[818, 528], [785, 528], [783, 484], [799, 483], [798, 474], [817, 473], [818, 528]]
[[545, 532], [539, 531], [540, 558], [509, 558], [510, 530], [513, 530], [513, 487], [527, 487], [527, 478], [544, 478], [545, 532], [510, 617], [509, 587], [528, 587], [530, 616], [510, 617], [510, 617]]
[[953, 527], [921, 528], [920, 483], [929, 483], [928, 469], [952, 469], [953, 527]]
[[953, 527], [952, 469], [965, 468], [965, 482], [980, 481], [982, 526], [953, 527]]
[[740, 528], [740, 474], [751, 474], [751, 483], [767, 482], [768, 551], [745, 551], [745, 528], [740, 528]]
[[818, 528], [817, 473], [826, 473], [827, 483], [846, 483], [845, 527], [843, 527], [844, 546], [830, 547], [829, 527], [818, 528]]
[[513, 1251], [512, 1216], [538, 1215], [538, 1217], [579, 1216], [580, 1249], [513, 1251], [478, 1247], [447, 1247], [447, 1215], [478, 1215], [478, 1247], [478, 1247]]
[[845, 527], [846, 483], [857, 482], [856, 472], [870, 471], [869, 526], [845, 527]]
[[437, 532], [438, 488], [452, 488], [452, 478], [466, 478], [466, 531], [462, 531], [463, 555], [441, 555], [440, 532], [437, 532], [441, 618], [441, 586], [464, 586], [465, 617], [441, 618], [441, 618]]
[[408, 533], [378, 534], [377, 489], [391, 489], [391, 479], [408, 479], [408, 533]]
[[682, 529], [679, 475], [693, 475], [693, 485], [711, 484], [711, 529], [682, 529]]
[[331, 534], [330, 479], [345, 479], [345, 488], [360, 488], [361, 532], [364, 532], [365, 550], [334, 551], [333, 533], [331, 534], [338, 621], [336, 577], [367, 575], [369, 620], [338, 621], [338, 621]]
[[728, 362], [697, 363], [696, 325], [727, 325], [728, 362]]
[[790, 361], [789, 323], [820, 322], [821, 360], [790, 361]]
[[788, 281], [757, 282], [756, 243], [779, 243], [788, 242], [788, 281]]
[[1173, 744], [1172, 709], [1234, 708], [1235, 731], [1230, 731], [1230, 741], [1219, 741], [1219, 743], [1173, 744], [1276, 740], [1276, 710], [1279, 710], [1279, 739], [1276, 740], [1276, 740]]
[[130, 810], [44, 809], [44, 775], [130, 777], [130, 810]]
[[252, 275], [251, 243], [295, 241], [296, 258], [308, 257], [308, 273], [252, 275], [355, 274], [354, 249], [383, 248], [384, 273], [355, 274], [355, 274]]
[[23, 238], [22, 201], [103, 199], [105, 236], [23, 238], [0, 239], [0, 211], [0, 210], [1, 238], [0, 239]]
[[848, 778], [846, 732], [856, 733], [856, 710], [877, 709], [879, 777], [848, 778]]
[[955, 954], [955, 943], [925, 943], [925, 900], [957, 899], [957, 911], [997, 912], [1004, 919], [1025, 919], [1025, 954], [955, 954]]
[[701, 222], [700, 202], [694, 202], [694, 189], [747, 188], [747, 194], [772, 194], [772, 200], [779, 200], [784, 200], [783, 215], [779, 215], [772, 215], [773, 221], [701, 222]]
[[272, 535], [272, 536], [273, 566], [235, 568], [232, 491], [258, 491], [258, 481], [271, 481], [272, 535]]
[[682, 529], [675, 529], [675, 554], [645, 554], [644, 528], [649, 528], [648, 486], [663, 486], [662, 476], [679, 475], [682, 529]]
[[790, 361], [778, 361], [759, 362], [758, 324], [789, 323], [790, 361]]
[[757, 282], [726, 282], [725, 244], [756, 243], [757, 282]]
[[1007, 1279], [1007, 1273], [1039, 1273], [1040, 1279]]
[[970, 1246], [969, 1212], [1033, 1211], [1034, 1244], [970, 1246]]
[[54, 279], [53, 264], [48, 264], [47, 248], [103, 246], [104, 278], [54, 279], [0, 275], [0, 247], [0, 246], [0, 274], [0, 275]]
[[700, 88], [699, 52], [780, 49], [786, 49], [787, 85], [780, 85], [700, 88]]
[[601, 777], [601, 733], [610, 733], [610, 708], [631, 708], [630, 731], [632, 731], [632, 777], [601, 777]]
[[276, 1254], [276, 1240], [267, 1239], [265, 1219], [338, 1216], [338, 1234], [341, 1233], [341, 1251], [276, 1254], [384, 1252], [383, 1220], [414, 1219], [415, 1251], [384, 1252], [384, 1252]]
[[250, 185], [249, 151], [316, 150], [316, 156], [327, 157], [328, 177], [316, 178], [316, 184], [250, 185], [354, 184], [354, 153], [386, 153], [385, 184], [354, 184], [354, 184]]
[[60, 1028], [60, 995], [124, 994], [124, 1007], [131, 1007], [137, 1013], [137, 1022], [132, 1027], [60, 1028], [11, 1018], [0, 1017], [0, 993], [11, 993], [11, 1018], [11, 1018]]
[[1154, 80], [1154, 46], [1211, 46], [1210, 80], [1154, 80]]
[[1175, 790], [1173, 755], [1254, 753], [1254, 773], [1231, 773], [1231, 785], [1223, 785], [1223, 789], [1175, 790]]
[[489, 44], [489, 36], [478, 36], [477, 15], [488, 15], [488, 9], [554, 7], [555, 42], [489, 44]]
[[0, 492], [6, 491], [6, 498], [25, 498], [27, 546], [18, 547], [18, 561], [0, 562], [0, 583], [5, 582], [6, 622], [0, 623]]
[[684, 781], [683, 737], [694, 736], [693, 714], [713, 714], [714, 780], [684, 781], [684, 683], [683, 653], [711, 653], [712, 681], [684, 683], [684, 683]]
[[1168, 202], [1169, 192], [1151, 192], [1150, 146], [1232, 145], [1233, 147], [1246, 147], [1246, 186], [1234, 187], [1234, 191], [1196, 192], [1196, 201], [1168, 202], [1264, 218], [1263, 180], [1279, 180], [1279, 218], [1264, 218], [1264, 218]]
[[1182, 982], [1181, 947], [1241, 945], [1242, 961], [1248, 961], [1249, 980], [1182, 982]]
[[921, 173], [921, 139], [1015, 137], [1015, 172], [921, 173]]
[[466, 531], [466, 478], [480, 478], [481, 486], [495, 487], [496, 527], [502, 527], [502, 555], [472, 556], [471, 531], [466, 531]]
[[1012, 526], [1010, 466], [1027, 465], [1027, 479], [1044, 479], [1046, 582], [1015, 583], [1015, 556], [1025, 555], [1024, 525], [1012, 526]]
[[408, 533], [408, 479], [421, 478], [421, 488], [438, 488], [437, 532], [408, 533], [420, 618], [419, 586], [439, 585], [440, 616], [420, 618], [420, 618]]
[[62, 12], [58, 7], [14, 7], [15, 0], [106, 0], [106, 0], [103, 3], [99, 6], [97, 7], [80, 7], [77, 12], [62, 12], [0, 15]]
[[1182, 1218], [1182, 1195], [1188, 1195], [1187, 1179], [1276, 1179], [1276, 1217], [1182, 1218], [1279, 1216]]
[[971, 775], [970, 727], [1000, 727], [1001, 773], [971, 775]]
[[1018, 773], [1017, 729], [1031, 728], [1030, 711], [1047, 711], [1049, 772], [1018, 773]]
[[537, 1159], [537, 1146], [514, 1147], [513, 1125], [537, 1125], [538, 1128], [577, 1126], [578, 1158], [537, 1159], [475, 1161], [441, 1161], [442, 1129], [476, 1130], [475, 1161], [475, 1161]]
[[253, 324], [252, 290], [307, 289], [308, 322], [253, 324]]
[[263, 938], [262, 931], [260, 931], [259, 910], [262, 910], [262, 904], [280, 904], [280, 898], [353, 897], [353, 937], [263, 938]]
[[1169, 607], [1169, 574], [1229, 573], [1229, 590], [1224, 590], [1224, 599], [1216, 606], [1169, 607], [1273, 601], [1273, 568], [1279, 568], [1279, 601], [1273, 601], [1273, 601]]
[[808, 778], [805, 703], [836, 702], [838, 778], [808, 778]]
[[249, 96], [248, 79], [245, 75], [244, 67], [249, 63], [320, 61], [321, 93], [249, 96]]
[[700, 176], [698, 143], [742, 142], [742, 145], [753, 145], [754, 175], [700, 176]]
[[55, 940], [55, 903], [128, 903], [133, 909], [134, 921], [129, 926], [129, 939], [55, 940], [0, 935], [0, 904], [13, 903], [14, 934], [0, 935]]
[[249, 139], [248, 108], [294, 107], [295, 125], [291, 125], [292, 138], [249, 139], [353, 142], [352, 111], [383, 110], [384, 141], [353, 142], [353, 142]]
[[759, 362], [728, 362], [727, 325], [758, 324], [759, 362]]
[[732, 1247], [730, 1215], [771, 1215], [771, 1218], [801, 1218], [801, 1245], [771, 1246], [732, 1247], [836, 1251], [835, 1220], [866, 1219], [867, 1250], [836, 1251], [836, 1251]]
[[726, 1019], [726, 989], [766, 988], [766, 987], [773, 987], [788, 987], [789, 1018], [773, 1019], [726, 1019], [828, 1024], [827, 995], [859, 994], [859, 1024], [828, 1024], [828, 1024]]
[[989, 1202], [988, 1185], [968, 1186], [968, 1168], [1032, 1166], [1033, 1201], [989, 1202]]
[[725, 781], [724, 736], [735, 736], [734, 714], [754, 714], [755, 781], [725, 781], [724, 679], [723, 644], [754, 643], [755, 678], [724, 679], [724, 679]]
[[539, 1279], [538, 1277], [520, 1277], [519, 1264], [580, 1262], [580, 1279], [449, 1279], [448, 1260], [475, 1259], [476, 1279]]
[[785, 1201], [771, 1201], [729, 1200], [730, 1170], [772, 1171], [785, 1171], [785, 1201], [833, 1204], [833, 1171], [865, 1170], [865, 1203], [833, 1204], [833, 1204]]
[[533, 1023], [532, 1010], [510, 1011], [510, 992], [574, 990], [575, 1021], [533, 1023]]
[[732, 1279], [732, 1261], [771, 1260], [773, 1260], [774, 1279], [837, 1279], [837, 1266], [867, 1266], [868, 1279]]
[[955, 1110], [956, 1075], [1032, 1074], [1033, 1110], [955, 1110]]
[[774, 779], [766, 779], [766, 735], [775, 734], [776, 734], [776, 712], [794, 712], [796, 779], [774, 779]]
[[982, 526], [980, 481], [987, 481], [987, 466], [1010, 466], [1012, 526], [982, 526]]
[[726, 282], [695, 283], [694, 244], [725, 244], [726, 282]]
[[302, 563], [301, 489], [314, 489], [314, 480], [330, 479], [331, 534], [323, 534], [324, 574], [303, 575], [302, 563], [302, 563], [303, 615], [301, 589], [334, 586], [334, 614], [303, 615], [303, 615]]
[[475, 315], [475, 309], [465, 310], [465, 294], [476, 294], [475, 281], [566, 280], [566, 284], [571, 289], [571, 306], [568, 310], [568, 315], [475, 315]]
[[130, 1212], [130, 1208], [65, 1210], [64, 1176], [130, 1175], [131, 1186], [138, 1186], [142, 1192], [143, 1205], [138, 1211], [130, 1212]]
[[1182, 1165], [1182, 1125], [1264, 1123], [1265, 1163], [1182, 1165]]
[[306, 778], [303, 705], [316, 705], [316, 694], [330, 693], [333, 777], [306, 778]]
[[12, 372], [12, 334], [107, 333], [107, 341], [110, 344], [110, 359], [108, 362], [107, 371], [12, 372], [0, 374]]
[[1152, 126], [1151, 89], [1247, 88], [1247, 124], [1152, 126], [1262, 128], [1261, 86], [1279, 85], [1279, 127], [1262, 128], [1262, 128]]
[[8, 784], [4, 708], [12, 708], [13, 700], [27, 700], [28, 709], [34, 708], [37, 783], [8, 784]]
[[1159, 261], [1158, 226], [1253, 225], [1254, 244], [1243, 245], [1244, 260], [1159, 261]]
[[752, 129], [701, 129], [701, 96], [746, 97], [746, 110], [753, 110], [752, 129]]
[[272, 535], [271, 481], [285, 480], [286, 490], [301, 489], [302, 563], [282, 564], [280, 534], [272, 535]]
[[604, 530], [603, 475], [616, 475], [616, 485], [631, 484], [632, 529], [604, 530], [609, 618], [608, 590], [640, 590], [641, 618], [609, 618], [609, 618]]
[[503, 1066], [503, 1054], [506, 1054], [507, 1036], [575, 1035], [576, 1066], [503, 1066]]
[[479, 778], [478, 734], [508, 733], [509, 778], [479, 778]]
[[266, 982], [266, 973], [262, 971], [263, 959], [265, 956], [265, 946], [337, 944], [337, 953], [348, 953], [348, 970], [337, 970], [338, 980], [266, 982]]
[[465, 1], [464, 0], [552, 0], [553, 0], [465, 1]]
[[1176, 892], [1176, 877], [1180, 877], [1180, 854], [1256, 853], [1257, 890], [1176, 892]]
[[1168, 520], [1167, 502], [1163, 502], [1163, 484], [1233, 482], [1233, 484], [1248, 485], [1248, 505], [1235, 506], [1235, 518], [1168, 520], [1273, 518], [1272, 494], [1279, 492], [1279, 516], [1273, 518], [1273, 518]]
[[61, 1076], [60, 1043], [132, 1039], [138, 1045], [138, 1054], [132, 1060], [126, 1060], [127, 1073], [61, 1076]]
[[876, 526], [877, 470], [893, 470], [894, 481], [909, 480], [911, 548], [878, 549], [878, 525], [876, 526]]
[[788, 281], [788, 242], [819, 242], [820, 281], [788, 281]]
[[267, 1115], [264, 1111], [264, 1100], [268, 1096], [274, 1096], [274, 1081], [336, 1080], [338, 1114], [267, 1115], [380, 1106], [380, 1077], [410, 1077], [411, 1106], [380, 1106], [380, 1106]]
[[537, 1204], [536, 1190], [516, 1191], [515, 1173], [578, 1171], [579, 1203], [537, 1204]]
[[643, 783], [642, 737], [656, 737], [656, 716], [671, 715], [672, 735], [673, 735], [673, 782], [643, 783], [643, 683], [642, 653], [673, 652], [675, 682], [643, 683], [643, 683]]
[[247, 782], [245, 736], [276, 735], [277, 780], [247, 782], [268, 682], [267, 651], [295, 650], [296, 681], [268, 682], [268, 682]]
[[939, 365], [938, 341], [897, 342], [895, 257], [936, 255], [935, 232], [1020, 230], [1021, 273], [969, 274], [970, 281], [939, 282], [939, 315], [970, 313], [971, 321], [1022, 319], [1023, 363], [939, 365]]
[[63, 1167], [62, 1133], [133, 1130], [139, 1135], [140, 1145], [135, 1150], [129, 1151], [129, 1164], [63, 1167]]
[[0, 723], [2, 724], [2, 778], [0, 779]]
[[922, 40], [922, 11], [928, 10], [927, 0], [992, 0], [992, 3], [1013, 3], [1014, 38], [922, 40], [866, 40], [865, 11], [896, 10], [897, 40], [866, 40], [866, 40]]
[[40, 100], [39, 96], [24, 97], [23, 74], [39, 74], [39, 65], [100, 64], [102, 91], [99, 91], [99, 99], [40, 100], [0, 103]]
[[545, 532], [544, 478], [557, 477], [557, 486], [574, 485], [576, 530], [569, 530], [570, 562], [549, 562], [548, 532], [545, 532], [547, 617], [546, 584], [573, 583], [574, 616], [547, 617], [547, 617]]
[[576, 530], [574, 485], [585, 485], [585, 476], [603, 475], [604, 530], [576, 530], [577, 620], [577, 587], [603, 587], [602, 619], [577, 620], [577, 620]]
