[[230, 905], [229, 875], [207, 876], [206, 846], [214, 846], [214, 829], [205, 829], [205, 820], [357, 816], [356, 827], [350, 827], [350, 841], [424, 839], [426, 899], [230, 905]]
[[197, 358], [195, 313], [231, 312], [233, 357], [197, 358], [294, 342], [292, 313], [325, 313], [326, 341], [294, 342], [294, 342]]
[[645, 414], [645, 409], [640, 409], [640, 400], [646, 400], [646, 390], [647, 390], [646, 370], [682, 369], [683, 413], [645, 414], [748, 398], [747, 368], [779, 368], [780, 397], [748, 398], [748, 398]]
[[885, 121], [884, 87], [931, 85], [932, 120], [885, 121], [804, 116], [803, 87], [831, 86], [832, 115], [804, 116], [804, 116]]
[[454, 1112], [453, 1068], [515, 1067], [516, 1110], [454, 1112], [404, 1124], [403, 1098], [436, 1097], [436, 1123], [404, 1124], [404, 1124]]
[[0, 916], [58, 914], [58, 940], [55, 940], [55, 949], [0, 951]]
[[0, 1243], [67, 1241], [68, 1269], [63, 1269], [63, 1279], [0, 1279]]
[[639, 190], [638, 146], [676, 145], [677, 189], [639, 190], [735, 179], [734, 143], [771, 142], [772, 178], [735, 179], [735, 179]]
[[883, 14], [882, 0], [930, 0], [931, 13], [883, 14], [799, 16], [798, 0], [831, 0], [832, 15], [799, 16], [799, 16]]
[[885, 835], [883, 796], [938, 794], [955, 793], [955, 832], [938, 833], [885, 835], [818, 846], [817, 818], [851, 817], [852, 845], [818, 846], [818, 846]]
[[430, 578], [429, 542], [499, 541], [500, 576], [430, 578], [364, 572], [363, 545], [399, 544], [400, 571], [364, 572], [364, 572]]
[[202, 972], [202, 930], [273, 929], [274, 970], [202, 972], [309, 996], [309, 954], [344, 953], [345, 995], [309, 996], [309, 996]]
[[437, 712], [436, 672], [504, 671], [505, 710], [437, 712]]
[[193, 527], [191, 490], [250, 489], [250, 509], [257, 508], [257, 525], [193, 527]]
[[1163, 582], [1162, 547], [1143, 548], [1141, 500], [1203, 498], [1206, 580], [1163, 582], [1187, 477], [1187, 440], [1219, 439], [1219, 476], [1187, 477], [1187, 477]]
[[654, 736], [653, 704], [665, 703], [664, 675], [709, 674], [710, 734], [654, 736], [754, 731], [753, 701], [788, 699], [788, 730], [754, 731], [754, 731]]
[[486, 526], [486, 524], [431, 525], [430, 492], [485, 491], [485, 486], [495, 487], [496, 526], [486, 526]]
[[0, 1078], [62, 1077], [63, 1112], [0, 1113]]
[[191, 199], [190, 189], [184, 189], [183, 168], [190, 168], [190, 164], [238, 162], [240, 198], [191, 199], [287, 184], [286, 153], [322, 152], [323, 183], [287, 184], [287, 184]]
[[898, 182], [898, 163], [880, 164], [879, 139], [935, 137], [936, 181], [898, 182], [807, 165], [806, 139], [833, 138], [833, 164], [807, 165], [807, 165]]
[[879, 1089], [878, 1039], [918, 1037], [918, 1053], [932, 1053], [931, 1040], [936, 1040], [960, 1039], [960, 1051], [965, 1050], [966, 1087], [936, 1088], [879, 1089]]
[[451, 1279], [450, 1255], [519, 1253], [520, 1279], [388, 1279], [388, 1276], [423, 1275], [423, 1279]]
[[896, 447], [895, 441], [875, 441], [875, 411], [946, 409], [946, 409], [948, 445], [946, 446], [948, 480], [912, 481], [911, 446], [896, 447]]
[[190, 148], [189, 141], [182, 141], [182, 129], [190, 129], [190, 116], [184, 117], [184, 109], [189, 108], [188, 104], [247, 102], [247, 111], [260, 111], [261, 131], [249, 132], [249, 146], [190, 148]]
[[642, 358], [642, 355], [638, 354], [637, 343], [643, 344], [643, 335], [645, 335], [645, 316], [679, 315], [681, 357], [655, 357], [642, 358], [741, 342], [741, 313], [773, 311], [774, 341], [741, 342], [741, 342]]
[[651, 598], [649, 550], [663, 549], [662, 525], [709, 524], [711, 597], [651, 598]]
[[1078, 581], [1076, 506], [1124, 504], [1126, 580], [1078, 581]]
[[665, 1187], [664, 1145], [736, 1144], [737, 1186], [665, 1187], [764, 1192], [763, 1161], [801, 1160], [801, 1192], [764, 1192], [764, 1192]]
[[1279, 316], [1255, 305], [1254, 271], [1279, 270], [1279, 304], [1255, 305], [1255, 305]]
[[648, 514], [647, 476], [656, 475], [656, 477], [719, 476], [719, 485], [729, 485], [729, 511], [648, 514], [750, 502], [749, 469], [784, 468], [785, 501], [750, 502], [750, 502]]
[[222, 1240], [221, 1226], [213, 1227], [212, 1203], [262, 1201], [263, 1219], [258, 1219], [259, 1239], [222, 1240], [327, 1201], [359, 1200], [359, 1228], [327, 1229], [327, 1201], [327, 1201]]
[[452, 308], [451, 263], [487, 262], [489, 307], [452, 308], [359, 297], [358, 276], [388, 276], [389, 296], [359, 297], [359, 297]]
[[659, 1017], [657, 978], [731, 976], [732, 1015], [659, 1017], [773, 1023], [772, 989], [807, 988], [807, 1022], [773, 1023], [773, 1023]]
[[1279, 431], [1260, 416], [1258, 383], [1279, 382], [1279, 415], [1260, 416], [1260, 416]]
[[0, 205], [37, 203], [38, 229], [33, 229], [34, 237], [0, 239]]
[[198, 462], [197, 424], [234, 423], [235, 461], [198, 462]]
[[866, 903], [865, 857], [919, 856], [919, 868], [935, 867], [935, 884], [927, 884], [927, 896], [913, 897], [913, 902], [866, 903], [806, 915], [806, 883], [839, 882], [840, 914], [806, 915], [806, 915]]
[[1098, 931], [1098, 925], [1091, 925], [1090, 913], [1095, 912], [1094, 900], [1099, 900], [1098, 895], [1150, 894], [1150, 909], [1173, 908], [1173, 929], [1098, 931], [1187, 911], [1186, 886], [1217, 885], [1218, 910], [1187, 911], [1187, 911]]
[[883, 603], [882, 560], [940, 558], [952, 558], [954, 601], [939, 602], [883, 603], [814, 614], [813, 581], [848, 580], [849, 613], [814, 614], [814, 614]]
[[1232, 792], [1230, 734], [1264, 733], [1266, 776], [1260, 776], [1261, 791], [1232, 792], [1223, 885], [1221, 843], [1253, 842], [1255, 884], [1223, 885], [1223, 885]]
[[1094, 731], [1094, 725], [1085, 726], [1085, 713], [1090, 713], [1090, 701], [1094, 700], [1094, 696], [1144, 694], [1144, 699], [1155, 699], [1156, 717], [1144, 717], [1145, 729], [1094, 731], [1188, 727], [1187, 700], [1210, 699], [1211, 726], [1188, 727], [1188, 727]]
[[1112, 1267], [1110, 1231], [1171, 1230], [1171, 1251], [1162, 1252], [1162, 1246], [1156, 1247], [1156, 1266], [1112, 1267], [1168, 1275], [1167, 1258], [1196, 1258], [1197, 1275], [1168, 1275], [1168, 1275]]
[[1085, 345], [1083, 299], [1123, 298], [1124, 302], [1134, 302], [1134, 344], [1085, 345], [1124, 294], [1124, 275], [1153, 274], [1154, 294], [1124, 294], [1124, 294]]
[[0, 751], [55, 749], [56, 768], [53, 768], [54, 783], [0, 786]]
[[885, 729], [884, 688], [939, 687], [952, 686], [953, 727], [939, 728], [885, 729], [818, 707], [817, 673], [854, 672], [855, 705], [818, 707], [818, 707]]
[[177, 36], [176, 9], [246, 6], [246, 34], [177, 36]]
[[444, 483], [442, 431], [495, 429], [496, 465], [482, 466], [482, 482], [444, 483], [360, 463], [359, 432], [394, 431], [395, 462], [360, 463], [360, 463]]
[[1279, 204], [1258, 189], [1258, 159], [1279, 158], [1279, 188], [1258, 189], [1258, 189]]
[[643, 303], [643, 297], [640, 297], [640, 280], [644, 280], [644, 261], [677, 260], [678, 302], [643, 303], [744, 286], [743, 256], [772, 254], [773, 285], [744, 286], [744, 286]]
[[1279, 373], [1257, 359], [1256, 326], [1279, 325], [1279, 358], [1257, 359], [1257, 359]]
[[1279, 575], [1278, 510], [1279, 509]]
[[870, 344], [869, 307], [937, 305], [938, 342], [870, 344], [807, 343], [806, 305], [843, 304], [844, 342], [807, 343], [807, 343]]
[[881, 547], [879, 504], [940, 502], [949, 502], [950, 545], [940, 545], [881, 547], [814, 556], [813, 525], [847, 523], [848, 555], [814, 556], [814, 556]]
[[881, 656], [879, 615], [939, 613], [958, 613], [959, 653], [939, 654], [881, 656], [819, 666], [818, 621], [851, 620], [852, 666], [819, 666], [819, 666]]
[[451, 981], [449, 939], [518, 938], [518, 958], [513, 958], [514, 979], [451, 981], [400, 998], [400, 968], [435, 967], [436, 997], [400, 998], [400, 998]]
[[0, 642], [52, 640], [52, 661], [50, 661], [50, 674], [0, 676]]
[[1080, 95], [1078, 67], [1080, 67], [1079, 54], [1145, 52], [1146, 65], [1136, 65], [1137, 93], [1080, 95], [1197, 81], [1195, 50], [1223, 49], [1224, 81], [1197, 81], [1197, 81]]
[[228, 1059], [227, 1018], [244, 1018], [244, 1013], [307, 1011], [308, 1056], [228, 1059]]
[[663, 1132], [662, 1091], [736, 1089], [737, 1129], [663, 1132], [764, 1137], [763, 1106], [800, 1105], [801, 1137], [764, 1137], [764, 1137]]
[[0, 1024], [60, 1022], [61, 1050], [56, 1050], [56, 1057], [0, 1059]]
[[0, 533], [45, 529], [46, 566], [0, 569]]
[[0, 477], [43, 474], [44, 500], [41, 501], [41, 511], [0, 513]]
[[891, 778], [890, 739], [939, 738], [957, 737], [958, 776], [938, 777], [891, 778], [820, 789], [819, 759], [854, 758], [855, 788], [820, 789], [820, 789]]
[[0, 367], [40, 365], [41, 393], [37, 394], [37, 402], [0, 403]]
[[0, 860], [59, 858], [59, 879], [56, 879], [56, 895], [0, 897]]
[[0, 96], [35, 93], [36, 120], [31, 120], [31, 128], [0, 130]]
[[1067, 235], [1066, 200], [1138, 198], [1138, 209], [1160, 209], [1160, 231], [1067, 235], [1195, 231], [1194, 200], [1223, 199], [1224, 230], [1195, 231], [1195, 231]]
[[658, 907], [657, 870], [729, 868], [730, 905], [658, 907], [764, 913], [763, 880], [800, 879], [801, 912], [764, 913], [764, 913]]
[[0, 149], [35, 147], [36, 174], [32, 174], [32, 182], [0, 185]]
[[905, 400], [903, 358], [939, 357], [940, 399], [905, 400]]
[[655, 855], [653, 818], [726, 816], [727, 853], [655, 855], [767, 860], [766, 829], [800, 828], [800, 859], [767, 860], [767, 860]]
[[1081, 152], [1080, 137], [1076, 137], [1075, 119], [1080, 119], [1080, 114], [1155, 112], [1156, 149], [1081, 152], [1192, 165], [1191, 136], [1224, 135], [1225, 164], [1192, 165], [1192, 165]]
[[244, 1190], [242, 1135], [289, 1134], [289, 1142], [303, 1141], [303, 1171], [289, 1172], [290, 1189], [244, 1190], [366, 1172], [365, 1142], [400, 1141], [400, 1171], [366, 1172], [366, 1172]]
[[0, 314], [41, 312], [42, 331], [39, 331], [40, 347], [0, 350]]
[[0, 696], [51, 693], [53, 722], [48, 722], [49, 728], [0, 731]]
[[451, 249], [449, 205], [489, 204], [490, 230], [486, 230], [487, 248], [451, 249], [354, 229], [353, 201], [385, 199], [386, 229], [354, 229], [354, 229]]
[[658, 961], [657, 924], [730, 922], [731, 958], [658, 961], [771, 967], [770, 939], [801, 938], [802, 966], [771, 967], [771, 967]]
[[32, 0], [33, 3], [31, 3], [30, 18], [0, 19]]
[[194, 679], [193, 640], [262, 638], [263, 677], [194, 679]]
[[904, 291], [902, 246], [936, 245], [937, 290], [904, 291], [806, 289], [805, 249], [836, 248], [836, 288], [806, 289], [806, 289]]
[[483, 76], [473, 76], [473, 73], [414, 74], [414, 43], [472, 41], [472, 35], [482, 36], [483, 76], [348, 69], [346, 40], [387, 39], [388, 62], [378, 61], [378, 68], [348, 69], [348, 69]]
[[429, 623], [428, 585], [502, 583], [502, 620], [429, 623]]
[[1114, 1081], [1105, 1081], [1105, 1075], [1099, 1074], [1099, 1058], [1101, 1058], [1101, 1042], [1112, 1042], [1112, 1046], [1155, 1045], [1156, 1078], [1114, 1079], [1114, 1081], [1194, 1056], [1194, 1034], [1223, 1034], [1223, 1055], [1194, 1056], [1194, 1056]]
[[0, 40], [31, 38], [32, 65], [27, 65], [27, 73], [0, 74]]
[[0, 1190], [65, 1188], [66, 1223], [0, 1226]]
[[636, 135], [635, 92], [669, 91], [669, 86], [696, 85], [697, 133], [636, 135]]
[[888, 232], [887, 195], [936, 194], [937, 231], [888, 232]]
[[0, 1132], [64, 1131], [65, 1154], [58, 1154], [58, 1166], [0, 1168]]
[[450, 1238], [449, 1197], [522, 1195], [523, 1236], [450, 1238], [387, 1249], [386, 1220], [417, 1220], [417, 1248], [387, 1249], [387, 1249]]
[[891, 1141], [890, 1103], [936, 1102], [965, 1102], [966, 1139], [936, 1140], [891, 1141]]
[[909, 1279], [908, 1250], [900, 1250], [899, 1221], [927, 1220], [927, 1206], [935, 1206], [967, 1205], [968, 1257], [963, 1258], [964, 1279]]
[[454, 423], [453, 380], [462, 380], [462, 377], [496, 376], [497, 400], [492, 400], [492, 422], [454, 423], [360, 402], [358, 374], [388, 374], [389, 401], [360, 402], [360, 402]]
[[191, 253], [190, 212], [231, 211], [232, 252], [191, 253], [294, 234], [293, 204], [325, 203], [326, 233], [294, 234], [294, 234]]
[[1102, 1208], [1101, 1170], [1151, 1168], [1151, 1207], [1102, 1208]]
[[1099, 980], [1099, 972], [1094, 973], [1093, 958], [1097, 958], [1097, 942], [1105, 942], [1106, 946], [1151, 944], [1153, 978], [1099, 980], [1191, 955], [1190, 934], [1220, 933], [1222, 954], [1191, 955], [1191, 955]]
[[1093, 780], [1093, 774], [1087, 775], [1087, 758], [1091, 758], [1090, 741], [1099, 741], [1099, 745], [1144, 743], [1145, 747], [1165, 746], [1166, 778], [1093, 780], [1212, 768], [1201, 768], [1200, 757], [1181, 757], [1181, 734], [1211, 733], [1212, 768], [1212, 768]]
[[1279, 149], [1249, 138], [1248, 104], [1279, 103], [1279, 137], [1249, 138], [1249, 138]]
[[898, 73], [896, 28], [931, 27], [932, 72], [898, 73], [803, 60], [802, 33], [830, 32], [830, 59], [803, 60], [803, 60]]
[[1230, 579], [1228, 508], [1246, 508], [1247, 519], [1261, 518], [1263, 578], [1230, 579], [1236, 477], [1235, 445], [1265, 443], [1266, 476], [1236, 477], [1236, 477]]
[[648, 462], [647, 427], [696, 426], [697, 461], [648, 462]]
[[0, 967], [56, 967], [56, 1006], [0, 1007]]
[[424, 774], [423, 730], [502, 728], [504, 767], [467, 769], [467, 773], [424, 774], [374, 787], [373, 751], [406, 750], [407, 786], [374, 787], [374, 787]]
[[893, 1197], [892, 1157], [927, 1156], [927, 1159], [936, 1159], [965, 1159], [966, 1196], [935, 1196], [893, 1197], [832, 1186], [832, 1149], [866, 1148], [866, 1185], [832, 1186], [832, 1186]]
[[450, 1173], [449, 1134], [517, 1132], [518, 1171], [450, 1173], [405, 1194], [404, 1163], [436, 1162], [438, 1192], [405, 1194], [405, 1194]]
[[232, 779], [232, 754], [227, 754], [227, 746], [231, 746], [231, 741], [259, 740], [259, 729], [284, 727], [285, 777], [232, 779]]
[[650, 668], [650, 636], [662, 635], [662, 607], [707, 606], [708, 666], [650, 668], [757, 665], [756, 621], [787, 620], [788, 664], [757, 665], [757, 665]]
[[1279, 259], [1254, 249], [1253, 214], [1279, 212], [1279, 248], [1254, 249], [1254, 249]]
[[0, 807], [56, 805], [57, 831], [51, 831], [52, 840], [11, 841], [11, 853], [0, 854]]
[[0, 424], [45, 422], [45, 439], [42, 439], [42, 456], [0, 458]]
[[0, 258], [38, 256], [39, 285], [36, 285], [37, 292], [0, 294]]
[[638, 247], [637, 204], [677, 203], [679, 246], [638, 247], [740, 229], [738, 202], [770, 201], [771, 228], [740, 229], [740, 229]]
[[240, 1101], [239, 1067], [301, 1065], [302, 1100], [240, 1101], [369, 1136], [368, 1101], [397, 1100], [398, 1135], [369, 1136], [369, 1136]]
[[451, 1046], [450, 1005], [513, 1003], [514, 1044], [451, 1046], [402, 1061], [401, 1035], [438, 1034], [438, 1060], [402, 1061], [402, 1061]]
[[1101, 1031], [1100, 1026], [1094, 1026], [1093, 1014], [1099, 1013], [1098, 1002], [1102, 1002], [1103, 996], [1153, 994], [1154, 1006], [1178, 1006], [1179, 1028], [1101, 1031], [1190, 1010], [1188, 984], [1220, 983], [1221, 1009], [1190, 1010], [1190, 1010]]
[[1105, 883], [1097, 883], [1095, 842], [1104, 842], [1105, 846], [1167, 844], [1168, 878], [1105, 880], [1105, 883], [1181, 857], [1181, 837], [1216, 836], [1216, 856], [1181, 857], [1181, 857]]
[[195, 726], [194, 686], [268, 684], [269, 724], [195, 726], [298, 718], [297, 685], [332, 684], [333, 717], [298, 718], [298, 718]]
[[663, 1084], [662, 1042], [732, 1041], [733, 1081], [663, 1084], [770, 1067], [769, 1032], [805, 1032], [805, 1065], [770, 1067], [770, 1067]]
[[1094, 830], [1093, 801], [1096, 801], [1096, 795], [1146, 793], [1146, 798], [1168, 797], [1169, 827], [1094, 830], [1182, 806], [1182, 785], [1212, 784], [1212, 805], [1182, 806], [1182, 806]]
[[0, 588], [47, 585], [48, 612], [44, 612], [44, 619], [0, 621]]
[[669, 1279], [668, 1255], [740, 1253], [741, 1279], [782, 1279], [781, 1269], [817, 1268], [818, 1279]]
[[455, 365], [454, 320], [491, 319], [492, 364], [455, 365], [360, 350], [359, 322], [393, 321], [394, 349], [360, 350], [360, 350]]
[[192, 633], [191, 593], [261, 591], [262, 631], [192, 633], [302, 624], [301, 591], [336, 590], [337, 623], [302, 624], [302, 624]]
[[446, 133], [445, 89], [485, 88], [485, 114], [481, 114], [482, 132], [446, 133], [351, 113], [350, 93], [383, 92], [384, 112], [351, 113], [351, 113]]
[[666, 1240], [665, 1202], [737, 1199], [738, 1239], [666, 1240], [767, 1246], [766, 1217], [801, 1216], [802, 1245], [767, 1246], [767, 1246]]
[[193, 302], [192, 268], [241, 266], [242, 301], [193, 302], [291, 287], [290, 257], [324, 256], [326, 286], [291, 287], [291, 287]]
[[219, 1279], [218, 1258], [282, 1257], [281, 1276], [265, 1277], [265, 1279], [302, 1279], [301, 1272], [335, 1271], [335, 1279]]
[[192, 586], [191, 547], [259, 545], [260, 584], [192, 586]]
[[429, 32], [429, 10], [438, 10], [438, 6], [484, 4], [484, 31], [429, 32]]
[[450, 192], [449, 148], [490, 147], [490, 171], [483, 172], [483, 192], [450, 192], [350, 177], [349, 139], [382, 138], [383, 175], [350, 177], [350, 177]]
[[1097, 1136], [1096, 1096], [1154, 1095], [1155, 1135], [1097, 1136], [1193, 1116], [1192, 1085], [1226, 1084], [1226, 1115], [1193, 1116], [1193, 1116]]
[[187, 92], [186, 84], [183, 84], [183, 73], [179, 73], [178, 57], [234, 56], [235, 90], [187, 92], [288, 77], [287, 44], [320, 43], [321, 76], [288, 77], [288, 77]]
[[892, 1017], [891, 977], [937, 975], [966, 975], [967, 1015], [936, 1016], [892, 1017]]
[[196, 408], [194, 375], [245, 374], [246, 407], [196, 408], [295, 382], [294, 361], [325, 360], [325, 381], [295, 382], [295, 382]]
[[635, 78], [634, 53], [635, 53], [636, 35], [672, 34], [674, 77], [635, 78], [730, 66], [729, 35], [768, 33], [769, 65], [730, 66], [730, 66]]
[[632, 24], [631, 0], [710, 0], [711, 23], [693, 24], [693, 23], [632, 24]]
[[713, 805], [712, 798], [709, 798], [709, 786], [705, 786], [704, 777], [710, 776], [709, 761], [712, 761], [712, 758], [779, 756], [779, 740], [814, 739], [814, 760], [787, 761], [788, 802], [713, 805]]
[[1085, 409], [1081, 403], [1080, 391], [1085, 388], [1084, 371], [1148, 369], [1149, 388], [1139, 389], [1140, 406], [1085, 409], [1178, 429], [1178, 400], [1219, 399], [1220, 427], [1178, 429], [1178, 429]]
[[434, 667], [433, 652], [421, 652], [421, 634], [435, 633], [435, 629], [502, 627], [503, 664], [434, 667]]
