[[46, 43], [46, 0], [79, 0], [79, 42], [46, 43], [47, 126], [46, 95], [72, 95], [73, 125], [47, 126], [47, 126]]
[[742, 28], [727, 28], [727, 22], [725, 22], [724, 0], [759, 0], [760, 20], [742, 21], [742, 28], [732, 111], [732, 79], [762, 79], [762, 111], [732, 111], [732, 111]]
[[902, 279], [902, 273], [895, 274], [893, 224], [929, 223], [929, 278], [902, 279], [892, 170], [891, 139], [913, 139], [914, 170], [892, 170], [892, 170]]
[[1039, 497], [1038, 469], [1021, 470], [1021, 424], [1027, 424], [1027, 421], [1055, 421], [1057, 496], [1039, 497], [1022, 561], [1022, 528], [1044, 528], [1045, 561], [1022, 561], [1022, 561]]
[[853, 279], [852, 221], [889, 221], [890, 278], [853, 279], [851, 169], [850, 138], [876, 137], [877, 168], [851, 169], [851, 169]]
[[127, 56], [126, 0], [161, 0], [163, 55], [127, 56], [131, 124], [131, 93], [164, 93], [164, 123], [131, 124], [131, 124]]
[[169, 54], [167, 0], [205, 0], [207, 52], [169, 54], [225, 125], [188, 125], [188, 96], [225, 96], [225, 125], [225, 125]]
[[981, 469], [980, 422], [1014, 421], [1015, 468], [981, 469], [983, 564], [982, 531], [1012, 529], [1013, 562], [983, 564], [983, 564]]
[[647, 281], [646, 231], [683, 230], [684, 280], [647, 281]]
[[325, 293], [325, 283], [319, 284], [317, 225], [354, 223], [356, 292], [325, 293], [339, 184], [315, 184], [314, 145], [351, 145], [351, 177], [339, 177], [339, 184], [339, 184]]
[[770, 29], [769, 0], [805, 0], [806, 29], [770, 29], [779, 112], [778, 82], [806, 80], [807, 111], [779, 112], [779, 112]]
[[612, 480], [611, 429], [647, 428], [649, 479], [612, 480], [617, 572], [616, 538], [647, 536], [648, 571], [617, 572], [617, 572]]
[[492, 499], [491, 489], [487, 490], [487, 482], [490, 482], [488, 432], [524, 431], [526, 482], [523, 482], [523, 498], [492, 499], [492, 574], [491, 540], [520, 539], [521, 573], [492, 574], [492, 574]]
[[1279, 943], [1197, 943], [828, 947], [826, 800], [825, 679], [1134, 674], [1132, 604], [1199, 604], [1238, 602], [1217, 0], [1279, 465], [767, 954], [766, 906], [757, 906], [757, 890], [766, 889], [765, 837], [814, 837], [815, 953], [767, 954], [767, 954], [758, 784], [757, 749], [788, 748], [790, 782], [758, 784], [758, 784], [1279, 0]]
[[813, 282], [811, 227], [847, 227], [847, 282], [813, 282], [824, 173], [824, 140], [846, 140], [846, 173], [824, 173], [824, 173]]
[[893, 478], [858, 478], [857, 425], [892, 426], [893, 478], [866, 564], [865, 531], [895, 530], [896, 563], [866, 564], [866, 564]]
[[361, 289], [360, 224], [397, 223], [398, 289], [361, 289], [396, 182], [366, 182], [367, 149], [396, 149], [396, 182], [396, 182]]
[[408, 492], [408, 433], [440, 433], [440, 437], [442, 437], [442, 492], [408, 492], [415, 572], [414, 536], [445, 536], [445, 572], [415, 572], [415, 572]]
[[691, 286], [688, 219], [723, 218], [726, 285], [691, 286], [691, 178], [690, 141], [723, 140], [724, 177], [691, 178], [691, 178]]
[[812, 34], [811, 0], [840, 0], [841, 34], [812, 34], [823, 112], [821, 78], [842, 77], [844, 111], [823, 112], [823, 112]]
[[848, 23], [848, 0], [882, 0], [883, 23], [848, 23], [850, 112], [849, 78], [879, 77], [879, 110], [850, 112], [850, 112]]
[[29, 489], [29, 439], [65, 440], [64, 489], [29, 489]]
[[573, 504], [572, 430], [606, 430], [607, 474], [599, 475], [600, 504], [573, 504], [608, 572], [578, 572], [578, 541], [608, 542], [608, 572], [608, 572]]
[[1120, 274], [1099, 274], [1099, 207], [1095, 207], [1095, 182], [1098, 182], [1098, 154], [1133, 154], [1134, 180], [1132, 180], [1132, 204], [1135, 204], [1135, 267], [1120, 267], [1120, 274]]
[[152, 487], [151, 437], [187, 436], [188, 486], [152, 487], [157, 577], [157, 549], [187, 548], [188, 577], [157, 577], [157, 577]]
[[175, 297], [174, 224], [215, 222], [216, 296], [175, 297], [189, 182], [188, 149], [226, 148], [227, 180], [189, 182], [189, 182]]
[[0, 98], [1, 99], [1, 128], [0, 129]]
[[1065, 491], [1064, 421], [1097, 421], [1097, 470], [1099, 470], [1099, 491], [1065, 491], [1065, 562], [1064, 533], [1091, 533], [1092, 562], [1065, 562], [1065, 562]]
[[891, 39], [889, 0], [924, 0], [925, 38], [891, 39], [890, 109], [889, 76], [920, 76], [921, 108], [890, 109], [890, 109]]
[[608, 282], [606, 222], [641, 221], [642, 281], [608, 282]]
[[898, 485], [898, 425], [934, 425], [935, 484], [898, 485], [901, 566], [900, 531], [930, 530], [931, 565], [901, 566], [901, 566]]
[[133, 293], [132, 247], [151, 247], [152, 230], [166, 230], [166, 247], [167, 247], [168, 292], [133, 293]]
[[72, 490], [71, 439], [104, 438], [106, 489], [72, 490], [75, 582], [75, 548], [105, 548], [106, 580], [75, 582], [75, 582]]
[[776, 470], [775, 427], [809, 426], [810, 470], [776, 470], [786, 566], [786, 537], [812, 536], [813, 566], [786, 566], [786, 566]]
[[23, 499], [2, 499], [1, 480], [0, 480], [0, 446], [21, 445], [23, 499], [0, 583], [0, 541], [28, 540], [29, 583], [0, 583]]
[[531, 496], [530, 432], [565, 432], [566, 496], [531, 496], [538, 571], [537, 541], [561, 541], [562, 571], [538, 571], [538, 571]]
[[806, 283], [771, 283], [770, 212], [806, 212], [806, 283], [776, 171], [776, 141], [804, 140], [804, 171], [776, 171], [776, 171]]
[[501, 54], [500, 45], [490, 46], [489, 0], [524, 0], [525, 45], [518, 45], [518, 53], [501, 54], [497, 115], [496, 84], [524, 83], [526, 114], [497, 115], [497, 115]]
[[936, 276], [935, 219], [970, 219], [970, 275], [936, 276], [933, 174], [933, 141], [960, 141], [960, 163], [962, 163], [962, 170], [961, 170], [961, 173], [933, 174], [933, 174]]
[[10, 295], [8, 245], [43, 244], [45, 293], [10, 295], [14, 187], [14, 159], [34, 159], [35, 187], [14, 187], [14, 187]]
[[1052, 31], [1051, 0], [1088, 0], [1089, 30], [1052, 31], [1054, 109], [1053, 76], [1076, 75], [1077, 108], [1054, 109], [1054, 109]]
[[521, 284], [485, 284], [485, 211], [504, 211], [504, 225], [520, 225], [520, 265], [522, 265], [522, 275], [521, 275], [521, 284], [483, 180], [482, 149], [512, 148], [513, 180], [483, 180], [483, 180]]
[[310, 32], [309, 0], [349, 0], [350, 31], [310, 32], [313, 124], [312, 101], [348, 100], [349, 123], [313, 124], [313, 124]]
[[972, 21], [971, 0], [1006, 0], [1007, 19], [972, 21], [976, 110], [975, 76], [1008, 76], [1008, 110], [976, 110], [976, 110]]
[[1058, 276], [1057, 200], [1093, 199], [1094, 276], [1058, 276], [1056, 166], [1055, 136], [1078, 135], [1078, 165], [1056, 166], [1056, 166]]
[[732, 280], [730, 221], [764, 220], [766, 279], [732, 280], [737, 175], [735, 143], [762, 142], [763, 174], [737, 175], [737, 175]]
[[1093, 30], [1092, 0], [1130, 0], [1131, 30], [1093, 30], [1103, 105], [1103, 100], [1101, 100], [1101, 85], [1132, 84], [1132, 105], [1103, 105], [1103, 105]]
[[0, 239], [2, 238], [4, 293], [0, 293], [0, 299], [0, 300], [0, 160], [2, 159], [4, 190], [0, 191]]
[[408, 38], [407, 0], [442, 0], [443, 37], [408, 38], [412, 108], [411, 75], [445, 74], [445, 107], [412, 108], [412, 108]]
[[109, 293], [109, 287], [92, 287], [90, 250], [125, 249], [126, 292], [109, 293], [87, 185], [86, 157], [118, 155], [119, 184], [87, 185], [87, 185]]
[[1019, 275], [1018, 211], [1046, 211], [1046, 224], [1052, 224], [1053, 275], [1019, 275], [1024, 171], [1023, 136], [1048, 135], [1049, 171], [1024, 171], [1024, 171]]
[[449, 499], [448, 432], [485, 431], [485, 439], [484, 439], [485, 498], [449, 499], [454, 574], [454, 533], [485, 532], [485, 574], [454, 574], [454, 574]]
[[989, 284], [980, 284], [981, 276], [978, 276], [977, 208], [998, 208], [996, 167], [979, 167], [979, 139], [1003, 139], [1003, 158], [1009, 158], [1010, 206], [1011, 206], [1012, 277], [989, 277], [989, 284]]
[[525, 289], [524, 220], [561, 219], [562, 278], [557, 278], [557, 288], [525, 289], [524, 178], [524, 145], [554, 144], [554, 177], [524, 178], [524, 178]]
[[548, 35], [548, 30], [530, 30], [529, 0], [565, 0], [566, 29], [563, 29], [563, 34], [548, 35], [539, 115], [539, 82], [568, 81], [568, 114], [539, 115], [539, 115]]
[[1012, 26], [1010, 0], [1047, 0], [1049, 25], [1012, 26], [1015, 105], [1015, 77], [1043, 76], [1045, 105], [1015, 105], [1015, 105]]
[[696, 498], [694, 428], [728, 427], [730, 498], [696, 498], [703, 569], [701, 529], [730, 527], [732, 568], [703, 569], [703, 569]]
[[568, 285], [568, 233], [602, 233], [603, 284], [568, 285], [566, 180], [565, 151], [593, 151], [593, 179], [566, 180], [566, 180]]
[[111, 489], [110, 438], [146, 437], [147, 487], [111, 489], [114, 579], [114, 546], [115, 546], [115, 533], [149, 532], [150, 579], [114, 579], [114, 579]]
[[51, 295], [50, 234], [83, 233], [85, 295], [51, 295], [54, 186], [54, 158], [80, 158], [80, 185], [54, 186], [54, 186]]
[[630, 37], [628, 0], [664, 0], [666, 36], [630, 37], [637, 115], [635, 81], [669, 79], [671, 114], [637, 115], [637, 115]]
[[326, 498], [325, 437], [358, 436], [360, 497], [326, 498], [325, 579], [323, 534], [355, 533], [357, 578], [325, 579], [325, 579]]
[[5, 45], [4, 0], [39, 0], [39, 45], [5, 45], [11, 127], [10, 95], [40, 94], [41, 126], [11, 127], [11, 127]]
[[368, 506], [367, 436], [400, 434], [402, 505], [368, 506], [403, 571], [376, 571], [376, 541], [403, 541], [403, 571], [403, 571]]
[[380, 32], [367, 32], [367, 21], [355, 21], [356, 0], [401, 0], [401, 21], [380, 20], [380, 32], [391, 121], [366, 121], [365, 92], [369, 92], [369, 88], [385, 88], [385, 92], [392, 92], [391, 121], [391, 121]]
[[654, 482], [653, 427], [688, 426], [690, 481], [654, 482], [655, 570], [655, 536], [686, 535], [687, 569], [655, 570], [655, 570]]
[[197, 582], [196, 548], [231, 547], [232, 581], [197, 582], [197, 582], [196, 477], [195, 440], [227, 440], [227, 476], [196, 477]]
[[683, 25], [681, 0], [716, 0], [717, 24], [683, 25], [693, 114], [692, 80], [720, 80], [721, 113], [693, 114], [693, 114]]
[[408, 291], [407, 281], [402, 281], [402, 223], [413, 223], [413, 211], [436, 211], [436, 221], [438, 221], [439, 291], [408, 291], [406, 179], [405, 148], [436, 147], [438, 178], [406, 179], [406, 179]]
[[940, 489], [938, 420], [970, 419], [971, 429], [976, 428], [977, 488], [940, 489], [941, 563], [940, 528], [971, 528], [973, 561], [941, 563], [941, 563]]
[[818, 476], [817, 426], [852, 425], [852, 475], [818, 476], [827, 564], [826, 529], [854, 529], [855, 563], [827, 564], [827, 564]]
[[449, 28], [449, 0], [484, 0], [484, 27], [449, 28], [458, 114], [457, 80], [484, 79], [485, 113], [458, 114], [458, 114]]
[[86, 44], [85, 0], [120, 0], [121, 43], [86, 44], [92, 125], [90, 92], [122, 91], [123, 124], [92, 125], [92, 125]]
[[736, 484], [735, 428], [763, 427], [763, 430], [770, 430], [771, 482], [736, 484], [759, 569], [737, 569], [736, 538], [758, 539], [759, 569], [759, 569]]
[[930, 30], [930, 0], [964, 0], [965, 29], [930, 30], [944, 110], [944, 76], [966, 75], [967, 110], [944, 110], [944, 110]]
[[444, 288], [443, 216], [478, 215], [479, 287], [444, 288], [448, 179], [447, 146], [478, 145], [479, 178], [448, 179], [448, 179]]
[[577, 27], [575, 0], [611, 0], [611, 20], [594, 21], [594, 27], [577, 27], [586, 115], [584, 84], [612, 82], [614, 114], [586, 115], [586, 115]]
