[[629, 341], [630, 313], [709, 312], [709, 341], [629, 341]]
[[842, 174], [842, 165], [836, 158], [835, 150], [840, 146], [934, 145], [934, 163], [941, 163], [942, 173], [842, 174], [961, 173], [961, 146], [987, 146], [988, 172], [961, 173], [961, 173]]
[[976, 1176], [975, 1120], [1042, 1119], [1042, 1175], [976, 1176]]
[[637, 605], [636, 575], [713, 574], [714, 605], [637, 605]]
[[0, 254], [3, 252], [4, 281], [0, 282], [78, 309], [47, 309], [47, 282], [78, 282], [78, 309], [78, 309]]
[[934, 831], [934, 723], [964, 723], [965, 831], [934, 831], [961, 698], [935, 698], [935, 666], [962, 665], [961, 698], [961, 698]]
[[1129, 405], [1126, 401], [1084, 402], [1084, 382], [1106, 382], [1106, 374], [1139, 374], [1144, 380], [1169, 380], [1170, 404], [1129, 405], [1020, 407], [1020, 380], [1050, 380], [1050, 384], [1063, 384], [1063, 400], [1050, 400], [1050, 407], [1020, 407], [1020, 407]]
[[201, 245], [200, 233], [184, 234], [184, 215], [247, 213], [248, 243], [201, 245], [102, 244], [102, 216], [134, 215], [135, 244], [102, 244], [102, 244]]
[[659, 407], [659, 401], [649, 401], [649, 383], [658, 383], [658, 378], [716, 377], [717, 406], [659, 407], [561, 408], [560, 379], [581, 379], [604, 378], [605, 406], [581, 407], [561, 408], [561, 408]]
[[200, 211], [200, 199], [182, 200], [181, 181], [246, 178], [247, 209], [200, 211], [134, 209], [102, 207], [103, 181], [135, 182], [134, 209], [134, 209]]
[[370, 164], [368, 134], [448, 131], [449, 161], [370, 164], [497, 146], [497, 117], [527, 117], [528, 145], [497, 146], [497, 146]]
[[202, 673], [92, 588], [191, 457], [273, 520], [273, 577], [202, 673]]
[[1111, 438], [1111, 409], [1179, 408], [1179, 437], [1111, 438], [1021, 439], [1021, 409], [1051, 409], [1051, 438], [1021, 439], [1021, 439]]
[[836, 104], [836, 71], [919, 70], [919, 103], [836, 104]]
[[1144, 231], [1136, 231], [1132, 227], [1091, 228], [1091, 198], [1169, 197], [1168, 209], [1173, 213], [1174, 221], [1168, 228], [1149, 228], [1144, 231]]
[[387, 398], [387, 395], [380, 396], [379, 375], [384, 375], [385, 366], [458, 363], [458, 379], [467, 379], [467, 396], [387, 398], [533, 407], [500, 407], [500, 377], [532, 377], [533, 407], [533, 407]]
[[1160, 831], [1160, 746], [1196, 746], [1197, 830], [1160, 831], [1160, 693], [1160, 659], [1192, 659], [1193, 693], [1160, 693], [1160, 693]]
[[176, 280], [175, 250], [247, 247], [248, 279], [176, 280], [132, 278], [104, 278], [104, 251], [131, 251], [132, 278], [132, 278]]
[[0, 80], [73, 78], [74, 110], [0, 112]]
[[0, 355], [9, 355], [29, 330], [55, 350], [0, 472]]
[[1077, 1003], [1076, 971], [1079, 971], [1079, 963], [1075, 960], [1075, 928], [1084, 928], [1090, 924], [1100, 924], [1105, 929], [1105, 946], [1107, 950], [1108, 960], [1105, 968], [1106, 1003], [1077, 1003], [1109, 1092], [1080, 1092], [1079, 1060], [1109, 1059], [1109, 1092], [1109, 1092]]
[[380, 244], [380, 214], [428, 213], [429, 222], [435, 222], [436, 236], [430, 237], [430, 243], [380, 244]]
[[931, 833], [902, 833], [900, 683], [929, 683], [931, 833]]
[[383, 279], [382, 250], [455, 246], [457, 266], [448, 266], [448, 276], [383, 279], [501, 281], [500, 248], [531, 247], [532, 280], [501, 281], [501, 281]]
[[1091, 535], [1091, 510], [1168, 508], [1169, 534], [1091, 535], [1023, 537], [1022, 511], [1052, 510], [1053, 536], [1023, 537], [1023, 537]]
[[1000, 832], [999, 781], [1005, 781], [1004, 747], [1025, 747], [1025, 832], [1000, 832], [1026, 694], [1006, 694], [1006, 661], [1025, 661], [1026, 694], [1026, 694]]
[[934, 101], [934, 76], [988, 76], [989, 100], [934, 101]]
[[655, 474], [654, 443], [716, 441], [717, 472], [655, 474], [596, 472], [581, 472], [563, 471], [564, 444], [581, 445], [597, 445], [596, 472], [596, 472]]
[[1025, 640], [1024, 612], [1180, 609], [1180, 619], [1185, 623], [1185, 633], [1180, 636], [1025, 640]]
[[975, 1279], [975, 1193], [1007, 1193], [1008, 1279], [975, 1279]]
[[865, 739], [865, 743], [866, 835], [841, 835], [832, 824], [831, 740], [865, 739], [828, 692], [828, 663], [863, 662], [863, 691], [828, 692], [828, 692]]
[[174, 175], [175, 141], [242, 141], [242, 151], [252, 151], [253, 174], [174, 175], [101, 179], [101, 149], [131, 149], [132, 178], [101, 179], [101, 179]]
[[847, 482], [847, 470], [840, 471], [839, 448], [928, 447], [928, 480], [847, 482]]
[[1074, 1006], [1043, 1006], [1043, 927], [1073, 927], [1074, 1006], [1070, 1093], [1044, 1093], [1044, 1062], [1070, 1062], [1070, 1093], [1070, 1093]]
[[840, 440], [839, 410], [905, 409], [906, 429], [888, 429], [888, 439], [840, 440], [954, 438], [954, 410], [990, 410], [990, 437], [954, 438], [954, 438]]
[[710, 441], [653, 440], [653, 410], [710, 410], [710, 441]]
[[1158, 828], [1123, 828], [1122, 707], [1157, 706], [1158, 828], [1126, 699], [1126, 665], [1156, 665], [1156, 698], [1126, 699], [1126, 699]]
[[1212, 923], [1277, 922], [1279, 988], [1213, 989], [1212, 923]]
[[384, 442], [384, 410], [428, 410], [427, 413], [437, 413], [438, 435], [431, 435], [431, 441], [384, 442], [504, 443], [503, 418], [533, 418], [533, 442], [504, 443], [504, 443]]
[[903, 138], [835, 137], [835, 106], [914, 107], [914, 137], [903, 136], [903, 138], [956, 132], [956, 107], [985, 107], [986, 132], [956, 132], [956, 132]]
[[1110, 1004], [1109, 923], [1139, 923], [1140, 1003], [1110, 1004], [1141, 1091], [1113, 1091], [1112, 1061], [1141, 1061], [1141, 1091], [1141, 1091]]
[[455, 474], [455, 461], [467, 461], [467, 444], [533, 443], [533, 472], [455, 474]]
[[1182, 1274], [1182, 1200], [1213, 1200], [1213, 1274], [1182, 1274], [1183, 1150], [1183, 1121], [1213, 1120], [1212, 1150], [1183, 1150], [1183, 1150]]
[[173, 386], [172, 354], [239, 352], [239, 354], [257, 353], [257, 383], [173, 386]]
[[0, 179], [45, 150], [74, 149], [75, 179], [46, 179], [45, 150], [45, 150]]
[[1063, 786], [1063, 787], [1063, 806], [1059, 812], [1059, 831], [1032, 832], [1031, 794], [1035, 790], [1035, 769], [1031, 765], [1031, 693], [1059, 693], [1060, 775], [1062, 780], [1063, 786]]
[[1252, 1273], [1251, 1199], [1279, 1199], [1279, 1272], [1252, 1273], [1251, 1152], [1250, 1120], [1278, 1120], [1279, 1152], [1251, 1152], [1251, 1152]]
[[1087, 372], [1087, 344], [1174, 342], [1175, 365], [1173, 370], [1087, 372]]
[[842, 539], [842, 508], [923, 507], [923, 538], [842, 539], [965, 508], [994, 508], [994, 537], [965, 537], [965, 508], [965, 508]]
[[639, 721], [640, 834], [578, 835], [512, 837], [512, 833], [440, 834], [439, 712], [507, 711], [506, 676], [537, 675], [538, 698], [579, 697], [603, 697], [603, 666], [637, 666], [638, 721], [639, 721]]
[[185, 314], [185, 285], [248, 284], [247, 314], [185, 314], [105, 315], [104, 285], [132, 284], [134, 314], [105, 315], [105, 315]]
[[1063, 786], [1062, 750], [1091, 749], [1092, 832], [1063, 832], [1063, 787], [1063, 786]]
[[371, 209], [370, 178], [446, 176], [448, 205], [371, 209]]
[[838, 272], [839, 244], [908, 243], [908, 271], [838, 272], [988, 273], [956, 272], [956, 243], [988, 243], [988, 273], [988, 273]]
[[629, 206], [629, 177], [708, 176], [708, 205], [629, 206], [557, 205], [557, 178], [583, 177], [590, 177], [591, 203], [582, 204], [557, 205], [557, 205]]
[[1017, 1272], [1016, 1203], [1045, 1203], [1045, 1271], [1017, 1272]]
[[642, 242], [641, 211], [707, 210], [708, 241], [642, 242], [558, 240], [559, 213], [582, 214], [588, 214], [588, 240], [582, 240], [558, 240], [558, 240]]
[[1065, 1277], [1048, 1277], [1047, 1199], [1075, 1199], [1076, 1269], [1072, 1273], [1065, 1273], [1065, 1277], [1073, 1162], [1047, 1162], [1047, 1123], [1073, 1123], [1073, 1162], [1073, 1162]]
[[1122, 505], [1122, 498], [1113, 498], [1113, 475], [1176, 474], [1176, 485], [1168, 485], [1168, 504], [1122, 505], [1020, 504], [1020, 478], [1053, 477], [1054, 503], [1020, 504], [1020, 504]]
[[1090, 571], [1090, 542], [1169, 540], [1169, 570], [1090, 571], [1025, 568], [1025, 541], [1058, 541], [1058, 568], [1025, 568], [1025, 568]]
[[685, 574], [672, 573], [667, 570], [629, 570], [629, 547], [667, 547], [672, 542], [702, 542], [702, 550], [710, 550], [711, 570], [690, 570], [685, 574], [580, 571], [567, 571], [567, 543], [580, 543], [597, 543], [596, 571], [580, 571], [580, 571]]
[[842, 242], [835, 237], [835, 226], [840, 220], [844, 220], [844, 211], [920, 211], [920, 242], [842, 242], [955, 241], [955, 213], [987, 213], [987, 241], [955, 241], [955, 241]]
[[367, 506], [366, 479], [448, 478], [448, 505], [367, 506], [508, 479], [508, 479], [508, 478], [538, 478], [539, 507], [508, 507], [508, 479], [508, 479]]
[[1130, 274], [1126, 272], [1091, 272], [1091, 241], [1174, 241], [1174, 271], [1152, 271], [1147, 273], [1130, 274], [1019, 270], [1017, 244], [1049, 243], [1049, 269], [1019, 270], [1019, 270]]
[[0, 219], [4, 218], [5, 248], [0, 248], [43, 246], [42, 218], [74, 216], [75, 245], [43, 246], [43, 246]]
[[39, 533], [16, 514], [55, 466], [78, 484], [39, 533], [104, 427], [89, 416], [108, 390], [124, 402], [104, 427], [104, 427]]
[[641, 172], [641, 143], [708, 142], [709, 171], [641, 172], [593, 169], [583, 169], [557, 169], [557, 143], [583, 143], [593, 143], [593, 169], [593, 169]]
[[625, 137], [624, 108], [709, 108], [709, 136], [625, 137], [557, 137], [556, 110], [583, 109], [586, 109], [587, 137], [583, 137], [557, 137], [557, 137]]
[[507, 344], [506, 326], [482, 327], [478, 322], [442, 324], [438, 327], [428, 326], [424, 323], [380, 322], [376, 316], [376, 306], [379, 302], [378, 281], [414, 280], [415, 288], [531, 286], [532, 343], [507, 344]]
[[648, 376], [648, 344], [714, 343], [714, 375], [648, 376], [604, 377], [581, 376], [559, 376], [559, 343], [582, 343], [599, 343], [599, 369], [604, 369], [604, 377], [604, 377]]
[[186, 347], [186, 318], [214, 318], [214, 323], [229, 323], [229, 317], [251, 317], [254, 322], [256, 331], [251, 335], [251, 346], [186, 347], [133, 343], [104, 343], [105, 321], [134, 321], [133, 343], [133, 343]]
[[0, 309], [6, 309], [5, 338], [0, 338]]
[[1085, 1271], [1084, 1254], [1081, 1254], [1080, 1198], [1111, 1198], [1112, 1253], [1108, 1253], [1108, 1270], [1085, 1271]]
[[840, 357], [839, 326], [916, 324], [917, 356], [840, 357]]
[[655, 505], [655, 495], [645, 495], [646, 478], [655, 478], [655, 476], [714, 476], [714, 504], [655, 505], [592, 504], [580, 504], [564, 504], [563, 477], [581, 477], [591, 477], [592, 504], [592, 504]]
[[841, 407], [840, 377], [907, 376], [907, 393], [894, 393], [894, 406], [841, 407]]
[[1041, 1096], [1007, 1095], [1007, 1027], [1009, 1027], [1009, 990], [1020, 990], [1020, 977], [1024, 972], [1040, 972], [1041, 1096]]
[[1079, 173], [1079, 140], [1159, 138], [1160, 171], [1079, 173]]
[[833, 207], [832, 176], [918, 175], [918, 206], [833, 207], [955, 204], [955, 176], [988, 175], [989, 203], [955, 204], [955, 204]]
[[1277, 922], [1279, 922], [1279, 1024], [1279, 988], [1277, 922], [1279, 1083]]
[[1215, 1198], [1214, 1135], [1245, 1135], [1246, 1198], [1215, 1198]]
[[370, 106], [370, 91], [376, 91], [376, 79], [455, 78], [455, 106], [370, 106], [528, 114], [500, 113], [500, 75], [528, 75], [528, 114], [528, 114]]
[[198, 420], [198, 410], [189, 410], [189, 388], [267, 387], [268, 419], [198, 420]]
[[1102, 471], [1101, 442], [1176, 441], [1177, 469], [1102, 471], [1019, 442], [1052, 442], [1053, 470], [1019, 470], [1019, 442], [1019, 442]]
[[842, 571], [840, 542], [915, 542], [915, 570], [842, 571], [966, 568], [966, 543], [994, 542], [994, 568], [966, 568], [966, 568]]
[[96, 572], [74, 555], [121, 493], [126, 497], [132, 488], [150, 502], [96, 572], [147, 460], [167, 433], [189, 451], [170, 478], [147, 460], [147, 460]]
[[1053, 121], [1053, 118], [1040, 118], [1040, 77], [1054, 76], [1054, 74], [1166, 73], [1166, 120], [1053, 121]]
[[826, 307], [825, 278], [926, 276], [927, 305], [826, 307], [960, 305], [959, 280], [988, 280], [989, 305], [960, 305], [960, 305]]
[[364, 608], [364, 577], [456, 576], [456, 607], [364, 608]]
[[1020, 606], [1020, 590], [1024, 589], [1025, 573], [1074, 572], [1074, 605], [1020, 606]]
[[175, 126], [175, 114], [139, 114], [139, 79], [251, 78], [251, 113], [213, 114], [213, 126], [175, 126]]
[[14, 514], [0, 495], [38, 433], [62, 453], [14, 514]]
[[1113, 1266], [1113, 1218], [1117, 1218], [1117, 1203], [1136, 1202], [1136, 1216], [1145, 1216], [1146, 1266], [1113, 1266], [1116, 1150], [1116, 1121], [1142, 1120], [1142, 1149], [1116, 1150], [1116, 1150]]
[[620, 1099], [576, 1072], [575, 1071], [484, 1001], [387, 930], [390, 926], [424, 927], [435, 937], [480, 927], [577, 926], [690, 925], [689, 948], [620, 1099]]
[[0, 117], [33, 116], [34, 145], [0, 146], [0, 117], [36, 144], [35, 116], [69, 114], [71, 143], [36, 144], [36, 144]]
[[813, 1020], [812, 925], [881, 924], [883, 1019], [813, 1020]]
[[1087, 306], [1086, 276], [1164, 275], [1164, 305], [1087, 306], [1015, 304], [1014, 276], [1045, 276], [1046, 303], [1015, 304], [1015, 304]]
[[651, 307], [651, 279], [710, 278], [709, 288], [718, 287], [718, 306], [651, 307], [562, 306], [562, 279], [582, 279], [591, 278], [591, 305], [582, 305], [562, 306], [562, 306]]
[[1178, 1008], [1177, 923], [1207, 923], [1208, 1008], [1178, 1008]]
[[640, 834], [639, 721], [647, 721], [646, 674], [701, 672], [703, 778], [730, 777], [732, 832], [640, 834]]
[[68, 555], [42, 535], [98, 464], [110, 473], [100, 487], [112, 497], [68, 555], [141, 456], [119, 439], [138, 413], [160, 429], [141, 456], [141, 456]]
[[1153, 1271], [1152, 1180], [1157, 1180], [1157, 1167], [1173, 1167], [1173, 1179], [1180, 1179], [1180, 1270], [1153, 1271], [1155, 1153], [1155, 1120], [1182, 1120], [1181, 1152], [1155, 1153], [1155, 1153]]
[[654, 539], [654, 510], [719, 509], [720, 538], [654, 539], [590, 537], [580, 537], [562, 536], [563, 509], [580, 510], [591, 510], [590, 537], [590, 537]]
[[839, 607], [839, 578], [898, 577], [898, 594], [880, 595], [880, 606], [839, 607], [967, 606], [966, 579], [996, 578], [996, 605], [967, 606], [967, 606]]
[[381, 542], [380, 514], [453, 512], [454, 540], [381, 542], [482, 539], [482, 511], [538, 511], [538, 539], [482, 539], [482, 539]]
[[635, 105], [636, 72], [707, 72], [707, 105], [635, 105], [585, 106], [583, 106], [553, 106], [553, 74], [584, 74], [585, 74], [585, 106], [585, 106]]
[[841, 639], [841, 611], [903, 610], [903, 638], [841, 639], [967, 635], [967, 608], [996, 607], [997, 635], [967, 635], [967, 635]]
