building 0.0 0 0.0 46.0 0.0 79.0 126.0 0.0 0.0 0.0 0.0 0.0 0.0 0.0
building 0.0 0 0.0 724.0 0.0 762.0 111.0 0.0 0.0 0.0 0.0 0.0 0.0 0.0
building 0.0 0 0.0 891.0 139.0 929.0 279.0 0.0 0.0 0.0 0.0 0.0 0.0 0.0
building 0.0 0 0.0 1021.0 421.0 1057.0 561.0 0.0 0.0 0.0 0.0 0.0 0.0 0.0
building 0.0 0 0.0 850.0 137.0 890.0 279.0 0.0 0.0 0.0 0.0 0.0 0.0 0.0
building 0.0 0 0.0 126.0 0.0 164.0 124.0 0.0 0.0 0.0 0.0 0.0 0.0 0.0
building 0.0 0 0.0 167.0 0.0 225.0 125.0 0.0 0.0 0.0 0.0 0.0 0.0 0.0
building 0.0 0 0.0 980.0 421.0 1015.0 564.0 0.0 0.0 0.0 0.0 0.0 0.0 0.0
building 0.0 0 0.0 646.0 230.0 684.0 281.0 0.0 0.0 0.0 0.0 0.0 0.0 0.0
building 0.0 0 0.0 314.0 145.0 356.0 293.0 0.0 0.0 0.0 0.0 0.0 0.0 0.0
building 0.0 0 0.0 769.0 0.0 807.0 112.0 0.0 0.0 0.0 0.0 0.0 0.0 0.0
building 0.0 0 0.0 611.0 428.0 649.0 572.0 0.0 0.0 0.0 0.0 0.0 0.0 0.0
building 0.0 0 0.0 487.0 431.0 526.0 574.0 0.0 0.0 0.0 0.0 0.0 0.0 0.0
building 0.0 0 0.0 757.0 0.0 1279.0 954.0 0.0 0.0 0.0 0.0 0.0 0.0 0.0
building 0.0 0 0.0 811.0 140.0 847.0 282.0 0.0 0.0 0.0 0.0 0.0 0.0 0.0
building 0.0 0 0.0 857.0 425.0 896.0 564.0 0.0 0.0 0.0 0.0 0.0 0.0 0.0
building 0.0 0 0.0 360.0 149.0 398.0 289.0 0.0 0.0 0.0 0.0 0.0 0.0 0.0
building 0.0 0 0.0 408.0 433.0 445.0 572.0 0.0 0.0 0.0 0.0 0.0 0.0 0.0
building 0.0 0 0.0 688.0 140.0 726.0 286.0 0.0 0.0 0.0 0.0 0.0 0.0 0.0
building 0.0 0 0.0 811.0 0.0 844.0 112.0 0.0 0.0 0.0 0.0 0.0 0.0 0.0
building 0.0 0 0.0 848.0 0.0 883.0 112.0 0.0 0.0 0.0 0.0 0.0 0.0 0.0
building 0.0 0 0.0 29.0 439.0 65.0 489.0 0.0 0.0 0.0 0.0 0.0 0.0 0.0
building 0.0 0 0.0 572.0 430.0 608.0 572.0 0.0 0.0 0.0 0.0 0.0 0.0 0.0
building 0.0 0 0.0 1095.0 154.0 1135.0 274.0 0.0 0.0 0.0 0.0 0.0 0.0 0.0
building 0.0 0 0.0 151.0 436.0 188.0 577.0 0.0 0.0 0.0 0.0 0.0 0.0 0.0
building 0.0 0 0.0 174.0 148.0 227.0 297.0 0.0 0.0 0.0 0.0 0.0 0.0 0.0
building 0.0 0 0.0 0.0 98.0 1.0 129.0 0.0 0.0 0.0 0.0 0.0 0.0 0.0
building 0.0 0 0.0 1064.0 421.0 1099.0 562.0 0.0 0.0 0.0 0.0 0.0 0.0 0.0
building 0.0 0 0.0 889.0 0.0 925.0 109.0 0.0 0.0 0.0 0.0 0.0 0.0 0.0
building 0.0 0 0.0 606.0 221.0 642.0 282.0 0.0 0.0 0.0 0.0 0.0 0.0 0.0
building 0.0 0 0.0 898.0 425.0 935.0 566.0 0.0 0.0 0.0 0.0 0.0 0.0 0.0
building 0.0 0 0.0 132.0 230.0 168.0 293.0 0.0 0.0 0.0 0.0 0.0 0.0 0.0
building 0.0 0 0.0 71.0 438.0 106.0 582.0 0.0 0.0 0.0 0.0 0.0 0.0 0.0
building 0.0 0 0.0 775.0 426.0 813.0 566.0 0.0 0.0 0.0 0.0 0.0 0.0 0.0
building 0.0 0 0.0 0.0 445.0 29.0 583.0 0.0 0.0 0.0 0.0 0.0 0.0 0.0
building 0.0 0 0.0 530.0 432.0 566.0 571.0 0.0 0.0 0.0 0.0 0.0 0.0 0.0
building 0.0 0 0.0 770.0 140.0 806.0 283.0 0.0 0.0 0.0 0.0 0.0 0.0 0.0
building 0.0 0 0.0 489.0 0.0 526.0 115.0 0.0 0.0 0.0 0.0 0.0 0.0 0.0
building 0.0 0 0.0 933.0 141.0 970.0 276.0 0.0 0.0 0.0 0.0 0.0 0.0 0.0
building 0.0 0 0.0 8.0 159.0 45.0 295.0 0.0 0.0 0.0 0.0 0.0 0.0 0.0
building 0.0 0 0.0 1051.0 0.0 1089.0 109.0 0.0 0.0 0.0 0.0 0.0 0.0 0.0
building 0.0 0 0.0 482.0 148.0 522.0 284.0 0.0 0.0 0.0 0.0 0.0 0.0 0.0
building 0.0 0 0.0 309.0 0.0 350.0 124.0 0.0 0.0 0.0 0.0 0.0 0.0 0.0
building 0.0 0 0.0 971.0 0.0 1008.0 110.0 0.0 0.0 0.0 0.0 0.0 0.0 0.0
building 0.0 0 0.0 1055.0 135.0 1094.0 276.0 0.0 0.0 0.0 0.0 0.0 0.0 0.0
building 0.0 0 0.0 730.0 142.0 766.0 280.0 0.0 0.0 0.0 0.0 0.0 0.0 0.0
building 0.0 0 0.0 1092.0 0.0 1132.0 105.0 0.0 0.0 0.0 0.0 0.0 0.0 0.0
building 0.0 0 0.0 0.0 159.0 4.0 300.0 0.0 0.0 0.0 0.0 0.0 0.0 0.0
building 0.0 0 0.0 407.0 0.0 445.0 108.0 0.0 0.0 0.0 0.0 0.0 0.0 0.0
building 0.0 0 0.0 86.0 155.0 126.0 293.0 0.0 0.0 0.0 0.0 0.0 0.0 0.0
building 0.0 0 0.0 1018.0 135.0 1053.0 275.0 0.0 0.0 0.0 0.0 0.0 0.0 0.0
building 0.0 0 0.0 448.0 431.0 485.0 574.0 0.0 0.0 0.0 0.0 0.0 0.0 0.0
building 0.0 0 0.0 977.0 139.0 1012.0 284.0 0.0 0.0 0.0 0.0 0.0 0.0 0.0
building 0.0 0 0.0 524.0 144.0 562.0 289.0 0.0 0.0 0.0 0.0 0.0 0.0 0.0
building 0.0 0 0.0 529.0 0.0 568.0 115.0 0.0 0.0 0.0 0.0 0.0 0.0 0.0
building 0.0 0 0.0 1010.0 0.0 1049.0 105.0 0.0 0.0 0.0 0.0 0.0 0.0 0.0
building 0.0 0 0.0 694.0 427.0 732.0 569.0 0.0 0.0 0.0 0.0 0.0 0.0 0.0
building 0.0 0 0.0 565.0 151.0 603.0 285.0 0.0 0.0 0.0 0.0 0.0 0.0 0.0
building 0.0 0 0.0 110.0 437.0 150.0 579.0 0.0 0.0 0.0 0.0 0.0 0.0 0.0
building 0.0 0 0.0 50.0 158.0 85.0 295.0 0.0 0.0 0.0 0.0 0.0 0.0 0.0
building 0.0 0 0.0 628.0 0.0 671.0 115.0 0.0 0.0 0.0 0.0 0.0 0.0 0.0
building 0.0 0 0.0 323.0 436.0 360.0 579.0 0.0 0.0 0.0 0.0 0.0 0.0 0.0
building 0.0 0 0.0 4.0 0.0 41.0 127.0 0.0 0.0 0.0 0.0 0.0 0.0 0.0
building 0.0 0 0.0 367.0 434.0 403.0 571.0 0.0 0.0 0.0 0.0 0.0 0.0 0.0
building 0.0 0 0.0 355.0 0.0 401.0 121.0 0.0 0.0 0.0 0.0 0.0 0.0 0.0
building 0.0 0 0.0 653.0 426.0 690.0 570.0 0.0 0.0 0.0 0.0 0.0 0.0 0.0
building 0.0 0 0.0 195.0 440.0 232.0 582.0 0.0 0.0 0.0 0.0 0.0 0.0 0.0
building 0.0 0 0.0 681.0 0.0 721.0 114.0 0.0 0.0 0.0 0.0 0.0 0.0 0.0
building 0.0 0 0.0 402.0 147.0 439.0 291.0 0.0 0.0 0.0 0.0 0.0 0.0 0.0
building 0.0 0 0.0 938.0 419.0 977.0 563.0 0.0 0.0 0.0 0.0 0.0 0.0 0.0
building 0.0 0 0.0 817.0 425.0 855.0 564.0 0.0 0.0 0.0 0.0 0.0 0.0 0.0
building 0.0 0 0.0 449.0 0.0 485.0 114.0 0.0 0.0 0.0 0.0 0.0 0.0 0.0
building 0.0 0 0.0 85.0 0.0 123.0 125.0 0.0 0.0 0.0 0.0 0.0 0.0 0.0
building 0.0 0 0.0 735.0 427.0 771.0 569.0 0.0 0.0 0.0 0.0 0.0 0.0 0.0
building 0.0 0 0.0 930.0 0.0 967.0 110.0 0.0 0.0 0.0 0.0 0.0 0.0 0.0
building 0.0 0 0.0 443.0 145.0 479.0 288.0 0.0 0.0 0.0 0.0 0.0 0.0 0.0
building 0.0 0 0.0 575.0 0.0 614.0 115.0 0.0 0.0 0.0 0.0 0.0 0.0 0.0
