building 0.0 0 0.0 24.0 865.0 153.0 985.0 0.0 0.0 0.0 0.0 0.0 0.0 0.0
building 0.0 0 0.0 1126.0 449.0 1278.0 480.0 0.0 0.0 0.0 0.0 0.0 0.0 0.0
building 0.0 0 0.0 658.0 11.0 813.0 52.0 0.0 0.0 0.0 0.0 0.0 0.0 0.0
building 0.0 0 0.0 1129.0 888.0 1170.0 1057.0 0.0 0.0 0.0 0.0 0.0 0.0 0.0
building 0.0 0 0.0 492.0 384.0 640.0 419.0 0.0 0.0 0.0 0.0 0.0 0.0 0.0
building 0.0 0 0.0 217.0 662.0 367.0 692.0 0.0 0.0 0.0 0.0 0.0 0.0 0.0
building 0.0 0 0.0 208.0 228.0 359.0 261.0 0.0 0.0 0.0 0.0 0.0 0.0 0.0
building 0.0 0 0.0 18.0 594.0 191.0 637.0 0.0 0.0 0.0 0.0 0.0 0.0 0.0
building 0.0 0 0.0 1118.0 83.0 1277.0 114.0 0.0 0.0 0.0 0.0 0.0 0.0 0.0
building 0.0 0 0.0 213.0 524.0 368.0 564.0 0.0 0.0 0.0 0.0 0.0 0.0 0.0
building 0.0 0 0.0 18.0 214.0 182.0 257.0 0.0 0.0 0.0 0.0 0.0 0.0 0.0
building 0.0 0 0.0 677.0 382.0 821.0 418.0 0.0 0.0 0.0 0.0 0.0 0.0 0.0
building 0.0 0 0.0 1117.0 252.0 1278.0 290.0 0.0 0.0 0.0 0.0 0.0 0.0 0.0
building 0.0 0 0.0 941.0 153.0 1090.0 185.0 0.0 0.0 0.0 0.0 0.0 0.0 0.0
building 0.0 0 0.0 951.0 521.0 1097.0 548.0 0.0 0.0 0.0 0.0 0.0 0.0 0.0
building 0.0 0 0.0 486.0 786.0 576.0 890.0 0.0 0.0 0.0 0.0 0.0 0.0 0.0
building 0.0 0 0.0 958.0 830.0 1107.0 864.0 0.0 0.0 0.0 0.0 0.0 0.0 0.0
building 0.0 0 0.0 942.0 590.0 1099.0 618.0 0.0 0.0 0.0 0.0 0.0 0.0 0.0
building 0.0 0 0.0 279.0 578.0 367.0 617.0 0.0 0.0 0.0 0.0 0.0 0.0 0.0
building 0.0 0 0.0 499.0 623.0 645.0 659.0 0.0 0.0 0.0 0.0 0.0 0.0 0.0
building 0.0 0 0.0 1134.0 724.0 1278.0 758.0 0.0 0.0 0.0 0.0 0.0 0.0 0.0
building 0.0 0 0.0 952.0 657.0 1100.0 688.0 0.0 0.0 0.0 0.0 0.0 0.0 0.0
building 0.0 0 0.0 497.0 592.0 644.0 625.0 0.0 0.0 0.0 0.0 0.0 0.0 0.0
building 0.0 0 0.0 19.0 0.0 176.0 7.0 0.0 0.0 0.0 0.0 0.0 0.0 0.0
building 0.0 0 0.0 1120.0 383.0 1154.0 413.0 0.0 0.0 0.0 0.0 0.0 0.0 0.0
building 0.0 0 0.0 672.0 482.0 819.0 522.0 0.0 0.0 0.0 0.0 0.0 0.0 0.0
building 0.0 0 0.0 494.0 454.0 641.0 488.0 0.0 0.0 0.0 0.0 0.0 0.0 0.0
building 0.0 0 0.0 936.0 0.0 1086.0 13.0 0.0 0.0 0.0 0.0 0.0 0.0 0.0
building 0.0 0 0.0 1134.0 758.0 1277.0 792.0 0.0 0.0 0.0 0.0 0.0 0.0 0.0
building 0.0 0 0.0 484.0 62.0 634.0 103.0 0.0 0.0 0.0 0.0 0.0 0.0 0.0
building 0.0 0 0.0 964.0 794.0 1104.0 829.0 0.0 0.0 0.0 0.0 0.0 0.0 0.0
building 0.0 0 0.0 23.0 133.0 180.0 170.0 0.0 0.0 0.0 0.0 0.0 0.0 0.0
building 0.0 0 0.0 228.0 263.0 360.0 298.0 0.0 0.0 0.0 0.0 0.0 0.0 0.0
building 0.0 0 0.0 482.0 0.0 631.0 15.0 0.0 0.0 0.0 0.0 0.0 0.0 0.0
building 0.0 0 0.0 203.0 21.0 353.0 71.0 0.0 0.0 0.0 0.0 0.0 0.0 0.0
building 0.0 0 0.0 204.0 0.0 351.0 17.0 0.0 0.0 0.0 0.0 0.0 0.0 0.0
building 0.0 0 0.0 660.0 51.0 815.0 93.0 0.0 0.0 0.0 0.0 0.0 0.0 0.0
building 0.0 0 0.0 15.0 9.0 176.0 48.0 0.0 0.0 0.0 0.0 0.0 0.0 0.0
building 0.0 0 0.0 1115.0 0.0 1275.0 11.0 0.0 0.0 0.0 0.0 0.0 0.0 0.0
building 0.0 0 0.0 1196.0 380.0 1274.0 408.0 0.0 0.0 0.0 0.0 0.0 0.0 0.0
building 0.0 0 0.0 1132.0 828.0 1279.0 862.0 0.0 0.0 0.0 0.0 0.0 0.0 0.0
building 0.0 0 0.0 937.0 887.0 1006.0 1067.0 0.0 0.0 0.0 0.0 0.0 0.0 0.0
building 0.0 0 0.0 15.0 51.0 103.0 88.0 0.0 0.0 0.0 0.0 0.0 0.0 0.0
building 0.0 0 0.0 31.0 681.0 193.0 727.0 0.0 0.0 0.0 0.0 0.0 0.0 0.0
building 0.0 0 0.0 665.0 215.0 816.0 259.0 0.0 0.0 0.0 0.0 0.0 0.0 0.0
building 0.0 0 0.0 1129.0 553.0 1279.0 581.0 0.0 0.0 0.0 0.0 0.0 0.0 0.0
building 0.0 0 0.0 937.0 85.0 1088.0 116.0 0.0 0.0 0.0 0.0 0.0 0.0 0.0
building 0.0 0 0.0 500.0 729.0 645.0 762.0 0.0 0.0 0.0 0.0 0.0 0.0 0.0
building 0.0 0 0.0 937.0 17.0 1086.0 47.0 0.0 0.0 0.0 0.0 0.0 0.0 0.0
building 0.0 0 0.0 662.0 134.0 815.0 174.0 0.0 0.0 0.0 0.0 0.0 0.0 0.0
building 0.0 0 0.0 1009.0 969.0 1087.0 1064.0 0.0 0.0 0.0 0.0 0.0 0.0 0.0
building 0.0 0 0.0 218.0 731.0 364.0 765.0 0.0 0.0 0.0 0.0 0.0 0.0 0.0
building 0.0 0 0.0 1127.0 517.0 1275.0 550.0 0.0 0.0 0.0 0.0 0.0 0.0 0.0
building 0.0 0 0.0 18.0 173.0 179.0 214.0 0.0 0.0 0.0 0.0 0.0 0.0 0.0
building 0.0 0 0.0 1117.0 15.0 1270.0 44.0 0.0 0.0 0.0 0.0 0.0 0.0 0.0
building 0.0 0 0.0 1195.0 794.0 1279.0 828.0 0.0 0.0 0.0 0.0 0.0 0.0 0.0
building 0.0 0 0.0 947.0 620.0 1098.0 653.0 0.0 0.0 0.0 0.0 0.0 0.0 0.0
building 0.0 0 0.0 1115.0 117.0 1279.0 151.0 0.0 0.0 0.0 0.0 0.0 0.0 0.0
building 0.0 0 0.0 951.0 554.0 1100.0 584.0 0.0 0.0 0.0 0.0 0.0 0.0 0.0
building 0.0 0 0.0 209.0 123.0 357.0 167.0 0.0 0.0 0.0 0.0 0.0 0.0 0.0
building 0.0 0 0.0 1226.0 887.0 1279.0 1069.0 0.0 0.0 0.0 0.0 0.0 0.0 0.0
building 0.0 0 0.0 932.0 221.0 1096.0 257.0 0.0 0.0 0.0 0.0 0.0 0.0 0.0
building 0.0 0 0.0 16.0 430.0 162.0 467.0 0.0 0.0 0.0 0.0 0.0 0.0 0.0
building 0.0 0 0.0 494.0 489.0 643.0 532.0 0.0 0.0 0.0 0.0 0.0 0.0 0.0
building 0.0 0 0.0 229.0 857.0 302.0 962.0 0.0 0.0 0.0 0.0 0.0 0.0 0.0
building 0.0 0 0.0 151.0 856.0 232.0 958.0 0.0 0.0 0.0 0.0 0.0 0.0 0.0
building 0.0 0 0.0 15.0 387.0 187.0 429.0 0.0 0.0 0.0 0.0 0.0 0.0 0.0
building 0.0 0 0.0 1129.0 585.0 1279.0 616.0 0.0 0.0 0.0 0.0 0.0 0.0 0.0
building 0.0 0 0.0 214.0 478.0 364.0 522.0 0.0 0.0 0.0 0.0 0.0 0.0 0.0
building 0.0 0 0.0 1122.0 155.0 1274.0 196.0 0.0 0.0 0.0 0.0 0.0 0.0 0.0
building 0.0 0 0.0 659.0 0.0 811.0 9.0 0.0 0.0 0.0 0.0 0.0 0.0 0.0
building 0.0 0 0.0 489.0 206.0 637.0 251.0 0.0 0.0 0.0 0.0 0.0 0.0 0.0
building 0.0 0 0.0 351.0 869.0 395.0 961.0 0.0 0.0 0.0 0.0 0.0 0.0 0.0
building 0.0 0 0.0 493.0 421.0 581.0 453.0 0.0 0.0 0.0 0.0 0.0 0.0 0.0
building 0.0 0 0.0 950.0 486.0 1097.0 515.0 0.0 0.0 0.0 0.0 0.0 0.0 0.0
building 0.0 0 0.0 1150.0 199.0 1274.0 241.0 0.0 0.0 0.0 0.0 0.0 0.0 0.0
building 0.0 0 0.0 22.0 258.0 183.0 296.0 0.0 0.0 0.0 0.0 0.0 0.0 0.0
building 0.0 0 0.0 485.0 19.0 632.0 61.0 0.0 0.0 0.0 0.0 0.0 0.0 0.0
building 0.0 0 0.0 933.0 257.0 1079.0 292.0 0.0 0.0 0.0 0.0 0.0 0.0 0.0
building 0.0 0 0.0 676.0 796.0 827.0 830.0 0.0 0.0 0.0 0.0 0.0 0.0 0.0
building 0.0 0 0.0 956.0 762.0 1103.0 790.0 0.0 0.0 0.0 0.0 0.0 0.0 0.0
building 0.0 0 0.0 486.0 160.0 634.0 201.0 0.0 0.0 0.0 0.0 0.0 0.0 0.0
building 0.0 0 0.0 481.0 889.0 646.0 987.0 0.0 0.0 0.0 0.0 0.0 0.0 0.0
building 0.0 0 0.0 1126.0 483.0 1274.0 513.0 0.0 0.0 0.0 0.0 0.0 0.0 0.0
building 0.0 0 0.0 490.0 253.0 620.0 297.0 0.0 0.0 0.0 0.0 0.0 0.0 0.0
building 0.0 0 0.0 203.0 73.0 355.0 116.0 0.0 0.0 0.0 0.0 0.0 0.0 0.0
building 0.0 0 0.0 672.0 761.0 827.0 793.0 0.0 0.0 0.0 0.0 0.0 0.0 0.0
building 0.0 0 0.0 953.0 692.0 1100.0 723.0 0.0 0.0 0.0 0.0 0.0 0.0 0.0
building 0.0 0 0.0 660.0 93.0 815.0 130.0 0.0 0.0 0.0 0.0 0.0 0.0 0.0
building 0.0 0 0.0 218.0 387.0 363.0 420.0 0.0 0.0 0.0 0.0 0.0 0.0 0.0
building 0.0 0 0.0 686.0 258.0 819.0 295.0 0.0 0.0 0.0 0.0 0.0 0.0 0.0
building 0.0 0 0.0 944.0 417.0 1024.0 447.0 0.0 0.0 0.0 0.0 0.0 0.0 0.0
building 0.0 0 0.0 216.0 627.0 368.0 658.0 0.0 0.0 0.0 0.0 0.0 0.0 0.0
building 0.0 0 0.0 676.0 710.0 828.0 751.0 0.0 0.0 0.0 0.0 0.0 0.0 0.0
building 0.0 0 0.0 217.0 697.0 376.0 729.0 0.0 0.0 0.0 0.0 0.0 0.0 0.0
building 0.0 0 0.0 1116.0 47.0 1276.0 78.0 0.0 0.0 0.0 0.0 0.0 0.0 0.0
building 0.0 0 0.0 213.0 427.0 365.0 464.0 0.0 0.0 0.0 0.0 0.0 0.0 0.0
building 0.0 0 0.0 207.0 176.0 356.0 218.0 0.0 0.0 0.0 0.0 0.0 0.0 0.0
building 0.0 0 0.0 955.0 726.0 1098.0 755.0 0.0 0.0 0.0 0.0 0.0 0.0 0.0
building 0.0 0 0.0 671.0 573.0 824.0 610.0 0.0 0.0 0.0 0.0 0.0 0.0 0.0
building 0.0 0 0.0 922.0 120.0 1089.0 154.0 0.0 0.0 0.0 0.0 0.0 0.0 0.0
building 0.0 0 0.0 486.0 110.0 632.0 153.0 0.0 0.0 0.0 0.0 0.0 0.0 0.0
building 0.0 0 0.0 944.0 188.0 1090.0 218.0 0.0 0.0 0.0 0.0 0.0 0.0 0.0
building 0.0 0 0.0 949.0 452.0 1098.0 481.0 0.0 0.0 0.0 0.0 0.0 0.0 0.0
building 0.0 0 0.0 17.0 471.0 189.0 553.0 0.0 0.0 0.0 0.0 0.0 0.0 0.0
building 0.0 0 0.0 18.0 555.0 127.0 594.0 0.0 0.0 0.0 0.0 0.0 0.0 0.0
building 0.0 0 0.0 1173.0 888.0 1216.0 1064.0 0.0 0.0 0.0 0.0 0.0 0.0 0.0
building 0.0 0 0.0 1089.0 891.0 1126.0 1058.0 0.0 0.0 0.0 0.0 0.0 0.0 0.0
building 0.0 0 0.0 676.0 623.0 826.0 658.0 0.0 0.0 0.0 0.0 0.0 0.0 0.0
building 0.0 0 0.0 16.0 735.0 108.0 766.0 0.0 0.0 0.0 0.0 0.0 0.0 0.0
building 0.0 0 0.0 499.0 660.0 648.0 694.0 0.0 0.0 0.0 0.0 0.0 0.0 0.0
building 0.0 0 0.0 665.0 176.0 816.0 217.0 0.0 0.0 0.0 0.0 0.0 0.0 0.0
building 0.0 0 0.0 305.0 793.0 347.0 960.0 0.0 0.0 0.0 0.0 0.0 0.0 0.0
building 0.0 0 0.0 805.0 887.0 854.0 1068.0 0.0 0.0 0.0 0.0 0.0 0.0 0.0
building 0.0 0 0.0 697.0 429.0 824.0 479.0 0.0 0.0 0.0 0.0 0.0 0.0 0.0
building 0.0 0 0.0 18.0 92.0 179.0 131.0 0.0 0.0 0.0 0.0 0.0 0.0 0.0
building 0.0 0 0.0 652.0 965.0 710.0 1061.0 0.0 0.0 0.0 0.0 0.0 0.0 0.0
building 0.0 0 0.0 671.0 520.0 824.0 572.0 0.0 0.0 0.0 0.0 0.0 0.0 0.0
building 0.0 0 0.0 506.0 695.0 644.0 728.0 0.0 0.0 0.0 0.0 0.0 0.0 0.0
building 0.0 0 0.0 716.0 953.0 758.0 1067.0 0.0 0.0 0.0 0.0 0.0 0.0 0.0
building 0.0 0 0.0 946.0 382.0 1099.0 411.0 0.0 0.0 0.0 0.0 0.0 0.0 0.0
building 0.0 0 0.0 1199.0 654.0 1279.0 689.0 0.0 0.0 0.0 0.0 0.0 0.0 0.0
building 0.0 0 0.0 497.0 540.0 645.0 589.0 0.0 0.0 0.0 0.0 0.0 0.0 0.0
building 0.0 0 0.0 678.0 658.0 824.0 701.0 0.0 0.0 0.0 0.0 0.0 0.0 0.0
building 0.0 0 0.0 23.0 789.0 149.0 867.0 0.0 0.0 0.0 0.0 0.0 0.0 0.0
building 0.0 0 0.0 19.0 642.0 165.0 681.0 0.0 0.0 0.0 0.0 0.0 0.0 0.0
building 0.0 0 0.0 1133.0 692.0 1275.0 723.0 0.0 0.0 0.0 0.0 0.0 0.0 0.0
building 0.0 0 0.0 938.0 50.0 1087.0 82.0 0.0 0.0 0.0 0.0 0.0 0.0 0.0
building 0.0 0 0.0 1130.0 620.0 1270.0 655.0 0.0 0.0 0.0 0.0 0.0 0.0 0.0
building 0.0 0 0.0 1127.0 415.0 1274.0 443.0 0.0 0.0 0.0 0.0 0.0 0.0 0.0
building 0.0 0 0.0 759.0 891.0 805.0 1067.0 0.0 0.0 0.0 0.0 0.0 0.0 0.0
