building 0.0 0 0.0 205.0 816.0 426.0 905.0 0.0 0.0 0.0 0.0 0.0 0.0 0.0
building 0.0 0 0.0 195.0 312.0 326.0 358.0 0.0 0.0 0.0 0.0 0.0 0.0 0.0
building 0.0 0 0.0 640.0 368.0 780.0 414.0 0.0 0.0 0.0 0.0 0.0 0.0 0.0
building 0.0 0 0.0 803.0 85.0 932.0 121.0 0.0 0.0 0.0 0.0 0.0 0.0 0.0
building 0.0 0 0.0 403.0 1067.0 516.0 1124.0 0.0 0.0 0.0 0.0 0.0 0.0 0.0
building 0.0 0 0.0 0.0 914.0 58.0 951.0 0.0 0.0 0.0 0.0 0.0 0.0 0.0
building 0.0 0 0.0 0.0 1241.0 68.0 1279.0 0.0 0.0 0.0 0.0 0.0 0.0 0.0
building 0.0 0 0.0 638.0 142.0 772.0 190.0 0.0 0.0 0.0 0.0 0.0 0.0 0.0
building 0.0 0 0.0 798.0 0.0 931.0 16.0 0.0 0.0 0.0 0.0 0.0 0.0 0.0
building 0.0 0 0.0 817.0 793.0 955.0 846.0 0.0 0.0 0.0 0.0 0.0 0.0 0.0
building 0.0 0 0.0 363.0 541.0 500.0 578.0 0.0 0.0 0.0 0.0 0.0 0.0 0.0
building 0.0 0 0.0 202.0 929.0 345.0 996.0 0.0 0.0 0.0 0.0 0.0 0.0 0.0
building 0.0 0 0.0 436.0 671.0 505.0 712.0 0.0 0.0 0.0 0.0 0.0 0.0 0.0
building 0.0 0 0.0 191.0 489.0 257.0 527.0 0.0 0.0 0.0 0.0 0.0 0.0 0.0
building 0.0 0 0.0 1141.0 439.0 1219.0 582.0 0.0 0.0 0.0 0.0 0.0 0.0 0.0
building 0.0 0 0.0 653.0 674.0 788.0 736.0 0.0 0.0 0.0 0.0 0.0 0.0 0.0
building 0.0 0 0.0 430.0 486.0 496.0 526.0 0.0 0.0 0.0 0.0 0.0 0.0 0.0
building 0.0 0 0.0 0.0 1077.0 63.0 1113.0 0.0 0.0 0.0 0.0 0.0 0.0 0.0
building 0.0 0 0.0 183.0 152.0 323.0 199.0 0.0 0.0 0.0 0.0 0.0 0.0 0.0
building 0.0 0 0.0 806.0 137.0 936.0 182.0 0.0 0.0 0.0 0.0 0.0 0.0 0.0
building 0.0 0 0.0 878.0 1037.0 966.0 1089.0 0.0 0.0 0.0 0.0 0.0 0.0 0.0
building 0.0 0 0.0 388.0 1253.0 520.0 1279.0 0.0 0.0 0.0 0.0 0.0 0.0 0.0
building 0.0 0 0.0 875.0 409.0 948.0 481.0 0.0 0.0 0.0 0.0 0.0 0.0 0.0
building 0.0 0 0.0 182.0 102.0 261.0 148.0 0.0 0.0 0.0 0.0 0.0 0.0 0.0
building 0.0 0 0.0 637.0 311.0 774.0 358.0 0.0 0.0 0.0 0.0 0.0 0.0 0.0
building 0.0 0 0.0 649.0 524.0 711.0 598.0 0.0 0.0 0.0 0.0 0.0 0.0 0.0
building 0.0 0 0.0 1076.0 504.0 1126.0 581.0 0.0 0.0 0.0 0.0 0.0 0.0 0.0
building 0.0 0 0.0 664.0 1144.0 801.0 1192.0 0.0 0.0 0.0 0.0 0.0 0.0 0.0
building 0.0 0 0.0 1254.0 270.0 1279.0 316.0 0.0 0.0 0.0 0.0 0.0 0.0 0.0
building 0.0 0 0.0 647.0 468.0 785.0 514.0 0.0 0.0 0.0 0.0 0.0 0.0 0.0
building 0.0 0 0.0 212.0 1200.0 359.0 1240.0 0.0 0.0 0.0 0.0 0.0 0.0 0.0
building 0.0 0 0.0 358.0 262.0 489.0 308.0 0.0 0.0 0.0 0.0 0.0 0.0 0.0
building 0.0 0 0.0 657.0 976.0 807.0 1023.0 0.0 0.0 0.0 0.0 0.0 0.0 0.0
building 0.0 0 0.0 1258.0 382.0 1279.0 431.0 0.0 0.0 0.0 0.0 0.0 0.0 0.0
building 0.0 0 0.0 0.0 203.0 38.0 239.0 0.0 0.0 0.0 0.0 0.0 0.0 0.0
building 0.0 0 0.0 197.0 423.0 235.0 462.0 0.0 0.0 0.0 0.0 0.0 0.0 0.0
building 0.0 0 0.0 806.0 856.0 935.0 915.0 0.0 0.0 0.0 0.0 0.0 0.0 0.0
building 0.0 0 0.0 1090.0 885.0 1218.0 931.0 0.0 0.0 0.0 0.0 0.0 0.0 0.0
building 0.0 0 0.0 813.0 558.0 954.0 614.0 0.0 0.0 0.0 0.0 0.0 0.0 0.0
building 0.0 0 0.0 1221.0 733.0 1266.0 885.0 0.0 0.0 0.0 0.0 0.0 0.0 0.0
building 0.0 0 0.0 1085.0 694.0 1211.0 731.0 0.0 0.0 0.0 0.0 0.0 0.0 0.0
building 0.0 0 0.0 1110.0 1230.0 1197.0 1275.0 0.0 0.0 0.0 0.0 0.0 0.0 0.0
building 0.0 0 0.0 1083.0 274.0 1154.0 345.0 0.0 0.0 0.0 0.0 0.0 0.0 0.0
building 0.0 0 0.0 0.0 749.0 56.0 786.0 0.0 0.0 0.0 0.0 0.0 0.0 0.0
building 0.0 0 0.0 817.0 672.0 953.0 729.0 0.0 0.0 0.0 0.0 0.0 0.0 0.0
building 0.0 0 0.0 176.0 6.0 246.0 36.0 0.0 0.0 0.0 0.0 0.0 0.0 0.0
building 0.0 0 0.0 359.0 429.0 496.0 483.0 0.0 0.0 0.0 0.0 0.0 0.0 0.0
building 0.0 0 0.0 1258.0 158.0 1279.0 204.0 0.0 0.0 0.0 0.0 0.0 0.0 0.0
building 0.0 0 0.0 640.0 254.0 773.0 303.0 0.0 0.0 0.0 0.0 0.0 0.0 0.0
building 0.0 0 0.0 1256.0 325.0 1279.0 373.0 0.0 0.0 0.0 0.0 0.0 0.0 0.0
building 0.0 0 0.0 1278.0 509.0 1279.0 575.0 0.0 0.0 0.0 0.0 0.0 0.0 0.0
building 0.0 0 0.0 806.0 304.0 938.0 344.0 0.0 0.0 0.0 0.0 0.0 0.0 0.0
building 0.0 0 0.0 813.0 502.0 950.0 556.0 0.0 0.0 0.0 0.0 0.0 0.0 0.0
building 0.0 0 0.0 818.0 613.0 959.0 666.0 0.0 0.0 0.0 0.0 0.0 0.0 0.0
building 0.0 0 0.0 400.0 938.0 518.0 998.0 0.0 0.0 0.0 0.0 0.0 0.0 0.0
building 0.0 0 0.0 0.0 640.0 52.0 676.0 0.0 0.0 0.0 0.0 0.0 0.0 0.0
building 0.0 0 0.0 1078.0 49.0 1224.0 95.0 0.0 0.0 0.0 0.0 0.0 0.0 0.0
building 0.0 0 0.0 227.0 1011.0 308.0 1059.0 0.0 0.0 0.0 0.0 0.0 0.0 0.0
building 0.0 0 0.0 662.0 1089.0 801.0 1137.0 0.0 0.0 0.0 0.0 0.0 0.0 0.0
building 0.0 0 0.0 0.0 1022.0 61.0 1059.0 0.0 0.0 0.0 0.0 0.0 0.0 0.0
building 0.0 0 0.0 0.0 529.0 46.0 569.0 0.0 0.0 0.0 0.0 0.0 0.0 0.0
building 0.0 0 0.0 0.0 474.0 44.0 513.0 0.0 0.0 0.0 0.0 0.0 0.0 0.0
building 0.0 0 0.0 819.0 737.0 958.0 789.0 0.0 0.0 0.0 0.0 0.0 0.0 0.0
building 0.0 0 0.0 0.0 365.0 41.0 403.0 0.0 0.0 0.0 0.0 0.0 0.0 0.0
building 0.0 0 0.0 0.0 858.0 59.0 897.0 0.0 0.0 0.0 0.0 0.0 0.0 0.0
building 0.0 0 0.0 0.0 93.0 36.0 130.0 0.0 0.0 0.0 0.0 0.0 0.0 0.0
building 0.0 0 0.0 1066.0 198.0 1224.0 235.0 0.0 0.0 0.0 0.0 0.0 0.0 0.0
building 0.0 0 0.0 657.0 868.0 801.0 913.0 0.0 0.0 0.0 0.0 0.0 0.0 0.0
building 0.0 0 0.0 0.0 147.0 36.0 185.0 0.0 0.0 0.0 0.0 0.0 0.0 0.0
building 0.0 0 0.0 903.0 357.0 940.0 400.0 0.0 0.0 0.0 0.0 0.0 0.0 0.0
building 0.0 0 0.0 653.0 816.0 800.0 860.0 0.0 0.0 0.0 0.0 0.0 0.0 0.0
building 0.0 0 0.0 1075.0 112.0 1225.0 165.0 0.0 0.0 0.0 0.0 0.0 0.0 0.0
building 0.0 0 0.0 242.0 1134.0 400.0 1190.0 0.0 0.0 0.0 0.0 0.0 0.0 0.0
building 0.0 0 0.0 0.0 312.0 42.0 350.0 0.0 0.0 0.0 0.0 0.0 0.0 0.0
building 0.0 0 0.0 0.0 693.0 53.0 731.0 0.0 0.0 0.0 0.0 0.0 0.0 0.0
building 0.0 0 0.0 353.0 199.0 490.0 249.0 0.0 0.0 0.0 0.0 0.0 0.0 0.0
building 0.0 0 0.0 657.0 922.0 802.0 967.0 0.0 0.0 0.0 0.0 0.0 0.0 0.0
building 0.0 0 0.0 0.0 0.0 33.0 19.0 0.0 0.0 0.0 0.0 0.0 0.0 0.0
building 0.0 0 0.0 193.0 638.0 263.0 679.0 0.0 0.0 0.0 0.0 0.0 0.0 0.0
building 0.0 0 0.0 805.0 245.0 937.0 291.0 0.0 0.0 0.0 0.0 0.0 0.0 0.0
building 0.0 0 0.0 346.0 35.0 483.0 76.0 0.0 0.0 0.0 0.0 0.0 0.0 0.0
building 0.0 0 0.0 428.0 583.0 502.0 623.0 0.0 0.0 0.0 0.0 0.0 0.0 0.0
building 0.0 0 0.0 1099.0 1034.0 1223.0 1081.0 0.0 0.0 0.0 0.0 0.0 0.0 0.0
building 0.0 0 0.0 0.0 38.0 32.0 74.0 0.0 0.0 0.0 0.0 0.0 0.0 0.0
building 0.0 0 0.0 0.0 1188.0 66.0 1226.0 0.0 0.0 0.0 0.0 0.0 0.0 0.0
building 0.0 0 0.0 635.0 85.0 697.0 135.0 0.0 0.0 0.0 0.0 0.0 0.0 0.0
building 0.0 0 0.0 887.0 194.0 937.0 232.0 0.0 0.0 0.0 0.0 0.0 0.0 0.0
building 0.0 0 0.0 0.0 1131.0 65.0 1168.0 0.0 0.0 0.0 0.0 0.0 0.0 0.0
building 0.0 0 0.0 386.0 1195.0 523.0 1249.0 0.0 0.0 0.0 0.0 0.0 0.0 0.0
building 0.0 0 0.0 890.0 1102.0 966.0 1141.0 0.0 0.0 0.0 0.0 0.0 0.0 0.0
building 0.0 0 0.0 899.0 1205.0 968.0 1279.0 0.0 0.0 0.0 0.0 0.0 0.0 0.0
building 0.0 0 0.0 358.0 374.0 497.0 423.0 0.0 0.0 0.0 0.0 0.0 0.0 0.0
building 0.0 0 0.0 190.0 203.0 326.0 253.0 0.0 0.0 0.0 0.0 0.0 0.0 0.0
building 0.0 0 0.0 1101.0 1168.0 1151.0 1208.0 0.0 0.0 0.0 0.0 0.0 0.0 0.0
building 0.0 0 0.0 1093.0 933.0 1222.0 980.0 0.0 0.0 0.0 0.0 0.0 0.0 0.0
building 0.0 0 0.0 1087.0 733.0 1212.0 780.0 0.0 0.0 0.0 0.0 0.0 0.0 0.0
building 0.0 0 0.0 1248.0 103.0 1279.0 149.0 0.0 0.0 0.0 0.0 0.0 0.0 0.0
building 0.0 0 0.0 802.0 27.0 932.0 73.0 0.0 0.0 0.0 0.0 0.0 0.0 0.0
building 0.0 0 0.0 1228.0 443.0 1266.0 579.0 0.0 0.0 0.0 0.0 0.0 0.0 0.0
building 0.0 0 0.0 647.0 426.0 697.0 462.0 0.0 0.0 0.0 0.0 0.0 0.0 0.0
building 0.0 0 0.0 0.0 967.0 56.0 1007.0 0.0 0.0 0.0 0.0 0.0 0.0 0.0
building 0.0 0 0.0 373.0 728.0 504.0 787.0 0.0 0.0 0.0 0.0 0.0 0.0 0.0
building 0.0 0 0.0 832.0 1148.0 966.0 1197.0 0.0 0.0 0.0 0.0 0.0 0.0 0.0
building 0.0 0 0.0 404.0 1132.0 518.0 1194.0 0.0 0.0 0.0 0.0 0.0 0.0 0.0
building 0.0 0 0.0 227.0 727.0 285.0 779.0 0.0 0.0 0.0 0.0 0.0 0.0 0.0
building 0.0 0 0.0 650.0 606.0 788.0 668.0 0.0 0.0 0.0 0.0 0.0 0.0 0.0
building 0.0 0 0.0 1253.0 212.0 1279.0 259.0 0.0 0.0 0.0 0.0 0.0 0.0 0.0
building 0.0 0 0.0 0.0 805.0 57.0 854.0 0.0 0.0 0.0 0.0 0.0 0.0 0.0
building 0.0 0 0.0 0.0 422.0 45.0 458.0 0.0 0.0 0.0 0.0 0.0 0.0 0.0
building 0.0 0 0.0 0.0 256.0 39.0 294.0 0.0 0.0 0.0 0.0 0.0 0.0 0.0
building 0.0 0 0.0 637.0 201.0 771.0 247.0 0.0 0.0 0.0 0.0 0.0 0.0 0.0
building 0.0 0 0.0 239.0 1065.0 398.0 1136.0 0.0 0.0 0.0 0.0 0.0 0.0 0.0
building 0.0 0 0.0 401.0 1003.0 514.0 1061.0 0.0 0.0 0.0 0.0 0.0 0.0 0.0
building 0.0 0 0.0 1093.0 983.0 1221.0 1031.0 0.0 0.0 0.0 0.0 0.0 0.0 0.0
building 0.0 0 0.0 1095.0 836.0 1216.0 883.0 0.0 0.0 0.0 0.0 0.0 0.0 0.0
building 0.0 0 0.0 194.0 684.0 333.0 726.0 0.0 0.0 0.0 0.0 0.0 0.0 0.0
building 0.0 0 0.0 662.0 1032.0 805.0 1084.0 0.0 0.0 0.0 0.0 0.0 0.0 0.0
building 0.0 0 0.0 1093.0 784.0 1212.0 830.0 0.0 0.0 0.0 0.0 0.0 0.0 0.0
building 0.0 0 0.0 0.0 585.0 48.0 621.0 0.0 0.0 0.0 0.0 0.0 0.0 0.0
building 0.0 0 0.0 668.0 1253.0 818.0 1279.0 0.0 0.0 0.0 0.0 0.0 0.0 0.0
building 0.0 0 0.0 359.0 319.0 492.0 365.0 0.0 0.0 0.0 0.0 0.0 0.0 0.0
building 0.0 0 0.0 191.0 590.0 337.0 633.0 0.0 0.0 0.0 0.0 0.0 0.0 0.0
building 0.0 0 0.0 350.0 88.0 485.0 133.0 0.0 0.0 0.0 0.0 0.0 0.0 0.0
building 0.0 0 0.0 665.0 1199.0 802.0 1246.0 0.0 0.0 0.0 0.0 0.0 0.0 0.0
building 0.0 0 0.0 192.0 256.0 326.0 302.0 0.0 0.0 0.0 0.0 0.0 0.0 0.0
building 0.0 0 0.0 218.0 1257.0 335.0 1279.0 0.0 0.0 0.0 0.0 0.0 0.0 0.0
building 0.0 0 0.0 191.0 545.0 260.0 586.0 0.0 0.0 0.0 0.0 0.0 0.0 0.0
building 0.0 0 0.0 429.0 4.0 484.0 32.0 0.0 0.0 0.0 0.0 0.0 0.0 0.0
building 0.0 0 0.0 349.0 138.0 490.0 192.0 0.0 0.0 0.0 0.0 0.0 0.0 0.0
building 0.0 0 0.0 1096.0 1084.0 1226.0 1136.0 0.0 0.0 0.0 0.0 0.0 0.0 0.0
building 0.0 0 0.0 178.0 43.0 321.0 92.0 0.0 0.0 0.0 0.0 0.0 0.0 0.0
building 0.0 0 0.0 891.0 975.0 967.0 1017.0 0.0 0.0 0.0 0.0 0.0 0.0 0.0
building 0.0 0 0.0 194.0 360.0 325.0 408.0 0.0 0.0 0.0 0.0 0.0 0.0 0.0
building 0.0 0 0.0 634.0 33.0 769.0 78.0 0.0 0.0 0.0 0.0 0.0 0.0 0.0
building 0.0 0 0.0 631.0 0.0 711.0 24.0 0.0 0.0 0.0 0.0 0.0 0.0 0.0
building 0.0 0 0.0 704.0 739.0 814.0 805.0 0.0 0.0 0.0 0.0 0.0 0.0 0.0
building 0.0 0 0.0 1080.0 369.0 1220.0 429.0 0.0 0.0 0.0 0.0 0.0 0.0 0.0
building 0.0 0 0.0 421.0 627.0 503.0 667.0 0.0 0.0 0.0 0.0 0.0 0.0 0.0
