building 0.0 0 0.0 629.0 312.0 709.0 341.0 0.0 0.0 0.0 0.0 0.0 0.0 0.0
building 0.0 0 0.0 835.0 145.0 988.0 174.0 0.0 0.0 0.0 0.0 0.0 0.0 0.0
building 0.0 0 0.0 975.0 1119.0 1042.0 1176.0 0.0 0.0 0.0 0.0 0.0 0.0 0.0
building 0.0 0 0.0 636.0 574.0 714.0 605.0 0.0 0.0 0.0 0.0 0.0 0.0 0.0
building 0.0 0 0.0 0.0 252.0 78.0 309.0 0.0 0.0 0.0 0.0 0.0 0.0 0.0
building 0.0 0 0.0 934.0 665.0 965.0 831.0 0.0 0.0 0.0 0.0 0.0 0.0 0.0
building 0.0 0 0.0 1020.0 374.0 1170.0 407.0 0.0 0.0 0.0 0.0 0.0 0.0 0.0
building 0.0 0 0.0 102.0 213.0 248.0 245.0 0.0 0.0 0.0 0.0 0.0 0.0 0.0
building 0.0 0 0.0 560.0 377.0 717.0 408.0 0.0 0.0 0.0 0.0 0.0 0.0 0.0
building 0.0 0 0.0 102.0 178.0 247.0 211.0 0.0 0.0 0.0 0.0 0.0 0.0 0.0
building 0.0 0 0.0 368.0 117.0 528.0 164.0 0.0 0.0 0.0 0.0 0.0 0.0 0.0
building 0.0 0 0.0 92.0 457.0 273.0 673.0 0.0 0.0 0.0 0.0 0.0 0.0 0.0
building 0.0 0 0.0 1021.0 408.0 1179.0 439.0 0.0 0.0 0.0 0.0 0.0 0.0 0.0
building 0.0 0 0.0 836.0 70.0 919.0 104.0 0.0 0.0 0.0 0.0 0.0 0.0 0.0
building 0.0 0 0.0 1091.0 197.0 1174.0 231.0 0.0 0.0 0.0 0.0 0.0 0.0 0.0
building 0.0 0 0.0 379.0 363.0 533.0 407.0 0.0 0.0 0.0 0.0 0.0 0.0 0.0
building 0.0 0 0.0 1160.0 659.0 1197.0 831.0 0.0 0.0 0.0 0.0 0.0 0.0 0.0
building 0.0 0 0.0 104.0 247.0 248.0 280.0 0.0 0.0 0.0 0.0 0.0 0.0 0.0
building 0.0 0 0.0 0.0 78.0 74.0 112.0 0.0 0.0 0.0 0.0 0.0 0.0 0.0
building 0.0 0 0.0 0.0 330.0 55.0 472.0 0.0 0.0 0.0 0.0 0.0 0.0 0.0
building 0.0 0 0.0 1075.0 924.0 1109.0 1092.0 0.0 0.0 0.0 0.0 0.0 0.0 0.0
building 0.0 0 0.0 380.0 213.0 436.0 244.0 0.0 0.0 0.0 0.0 0.0 0.0 0.0
building 0.0 0 0.0 900.0 683.0 931.0 833.0 0.0 0.0 0.0 0.0 0.0 0.0 0.0
building 0.0 0 0.0 382.0 246.0 532.0 281.0 0.0 0.0 0.0 0.0 0.0 0.0 0.0
building 0.0 0 0.0 1022.0 508.0 1169.0 537.0 0.0 0.0 0.0 0.0 0.0 0.0 0.0
building 0.0 0 0.0 999.0 661.0 1026.0 832.0 0.0 0.0 0.0 0.0 0.0 0.0 0.0
building 0.0 0 0.0 934.0 76.0 989.0 101.0 0.0 0.0 0.0 0.0 0.0 0.0 0.0
building 0.0 0 0.0 563.0 441.0 717.0 474.0 0.0 0.0 0.0 0.0 0.0 0.0 0.0
building 0.0 0 0.0 1024.0 609.0 1185.0 640.0 0.0 0.0 0.0 0.0 0.0 0.0 0.0
building 0.0 0 0.0 975.0 1193.0 1008.0 1279.0 0.0 0.0 0.0 0.0 0.0 0.0 0.0
building 0.0 0 0.0 828.0 662.0 866.0 835.0 0.0 0.0 0.0 0.0 0.0 0.0 0.0
building 0.0 0 0.0 101.0 141.0 253.0 179.0 0.0 0.0 0.0 0.0 0.0 0.0 0.0
building 0.0 0 0.0 839.0 447.0 928.0 482.0 0.0 0.0 0.0 0.0 0.0 0.0 0.0
building 0.0 0 0.0 1043.0 927.0 1074.0 1093.0 0.0 0.0 0.0 0.0 0.0 0.0 0.0
building 0.0 0 0.0 839.0 409.0 990.0 440.0 0.0 0.0 0.0 0.0 0.0 0.0 0.0
building 0.0 0 0.0 653.0 410.0 710.0 441.0 0.0 0.0 0.0 0.0 0.0 0.0 0.0
building 0.0 0 0.0 1122.0 665.0 1158.0 828.0 0.0 0.0 0.0 0.0 0.0 0.0 0.0
building 0.0 0 0.0 1212.0 922.0 1279.0 989.0 0.0 0.0 0.0 0.0 0.0 0.0 0.0
building 0.0 0 0.0 384.0 410.0 533.0 443.0 0.0 0.0 0.0 0.0 0.0 0.0 0.0
building 0.0 0 0.0 835.0 106.0 986.0 138.0 0.0 0.0 0.0 0.0 0.0 0.0 0.0
building 0.0 0 0.0 1109.0 923.0 1141.0 1091.0 0.0 0.0 0.0 0.0 0.0 0.0 0.0
building 0.0 0 0.0 455.0 443.0 533.0 474.0 0.0 0.0 0.0 0.0 0.0 0.0 0.0
building 0.0 0 0.0 1182.0 1120.0 1213.0 1274.0 0.0 0.0 0.0 0.0 0.0 0.0 0.0
building 0.0 0 0.0 172.0 352.0 257.0 386.0 0.0 0.0 0.0 0.0 0.0 0.0 0.0
building 0.0 0 0.0 0.0 149.0 75.0 179.0 0.0 0.0 0.0 0.0 0.0 0.0 0.0
building 0.0 0 0.0 1031.0 693.0 1063.0 832.0 0.0 0.0 0.0 0.0 0.0 0.0 0.0
building 0.0 0 0.0 1250.0 1120.0 1279.0 1273.0 0.0 0.0 0.0 0.0 0.0 0.0 0.0
building 0.0 0 0.0 1087.0 342.0 1175.0 372.0 0.0 0.0 0.0 0.0 0.0 0.0 0.0
building 0.0 0 0.0 842.0 507.0 994.0 539.0 0.0 0.0 0.0 0.0 0.0 0.0 0.0
building 0.0 0 0.0 439.0 666.0 640.0 837.0 0.0 0.0 0.0 0.0 0.0 0.0 0.0
building 0.0 0 0.0 104.0 284.0 248.0 315.0 0.0 0.0 0.0 0.0 0.0 0.0 0.0
building 0.0 0 0.0 1062.0 749.0 1092.0 832.0 0.0 0.0 0.0 0.0 0.0 0.0 0.0
building 0.0 0 0.0 370.0 176.0 448.0 209.0 0.0 0.0 0.0 0.0 0.0 0.0 0.0
building 0.0 0 0.0 838.0 243.0 988.0 273.0 0.0 0.0 0.0 0.0 0.0 0.0 0.0
building 0.0 0 0.0 557.0 176.0 708.0 206.0 0.0 0.0 0.0 0.0 0.0 0.0 0.0
building 0.0 0 0.0 1016.0 1203.0 1045.0 1272.0 0.0 0.0 0.0 0.0 0.0 0.0 0.0
building 0.0 0 0.0 558.0 210.0 708.0 242.0 0.0 0.0 0.0 0.0 0.0 0.0 0.0
building 0.0 0 0.0 1047.0 1123.0 1076.0 1277.0 0.0 0.0 0.0 0.0 0.0 0.0 0.0
building 0.0 0 0.0 1020.0 474.0 1176.0 505.0 0.0 0.0 0.0 0.0 0.0 0.0 0.0
building 0.0 0 0.0 1025.0 540.0 1169.0 571.0 0.0 0.0 0.0 0.0 0.0 0.0 0.0
building 0.0 0 0.0 567.0 542.0 711.0 574.0 0.0 0.0 0.0 0.0 0.0 0.0 0.0
building 0.0 0 0.0 835.0 211.0 987.0 242.0 0.0 0.0 0.0 0.0 0.0 0.0 0.0
building 0.0 0 0.0 366.0 478.0 539.0 507.0 0.0 0.0 0.0 0.0 0.0 0.0 0.0
building 0.0 0 0.0 1017.0 241.0 1174.0 274.0 0.0 0.0 0.0 0.0 0.0 0.0 0.0
building 0.0 0 0.0 0.0 216.0 75.0 248.0 0.0 0.0 0.0 0.0 0.0 0.0 0.0
building 0.0 0 0.0 16.0 390.0 124.0 533.0 0.0 0.0 0.0 0.0 0.0 0.0 0.0
building 0.0 0 0.0 557.0 142.0 709.0 172.0 0.0 0.0 0.0 0.0 0.0 0.0 0.0
building 0.0 0 0.0 556.0 108.0 709.0 137.0 0.0 0.0 0.0 0.0 0.0 0.0 0.0
building 0.0 0 0.0 376.0 280.0 532.0 344.0 0.0 0.0 0.0 0.0 0.0 0.0 0.0
building 0.0 0 0.0 559.0 343.0 714.0 377.0 0.0 0.0 0.0 0.0 0.0 0.0 0.0
building 0.0 0 0.0 104.0 317.0 256.0 347.0 0.0 0.0 0.0 0.0 0.0 0.0 0.0
building 0.0 0 0.0 0.0 309.0 6.0 338.0 0.0 0.0 0.0 0.0 0.0 0.0 0.0
building 0.0 0 0.0 1080.0 1198.0 1112.0 1271.0 0.0 0.0 0.0 0.0 0.0 0.0 0.0
building 0.0 0 0.0 839.0 324.0 917.0 357.0 0.0 0.0 0.0 0.0 0.0 0.0 0.0
building 0.0 0 0.0 563.0 476.0 714.0 505.0 0.0 0.0 0.0 0.0 0.0 0.0 0.0
building 0.0 0 0.0 840.0 376.0 907.0 407.0 0.0 0.0 0.0 0.0 0.0 0.0 0.0
building 0.0 0 0.0 1007.0 972.0 1041.0 1096.0 0.0 0.0 0.0 0.0 0.0 0.0 0.0
building 0.0 0 0.0 1079.0 138.0 1160.0 173.0 0.0 0.0 0.0 0.0 0.0 0.0 0.0
building 0.0 0 0.0 832.0 175.0 989.0 207.0 0.0 0.0 0.0 0.0 0.0 0.0 0.0
building 0.0 0 0.0 1277.0 922.0 1279.0 1083.0 0.0 0.0 0.0 0.0 0.0 0.0 0.0
building 0.0 0 0.0 1214.0 1135.0 1246.0 1198.0 0.0 0.0 0.0 0.0 0.0 0.0 0.0
building 0.0 0 0.0 370.0 75.0 528.0 114.0 0.0 0.0 0.0 0.0 0.0 0.0 0.0
building 0.0 0 0.0 189.0 387.0 268.0 420.0 0.0 0.0 0.0 0.0 0.0 0.0 0.0
building 0.0 0 0.0 1019.0 441.0 1177.0 471.0 0.0 0.0 0.0 0.0 0.0 0.0 0.0
building 0.0 0 0.0 840.0 542.0 994.0 571.0 0.0 0.0 0.0 0.0 0.0 0.0 0.0
building 0.0 0 0.0 74.0 433.0 189.0 572.0 0.0 0.0 0.0 0.0 0.0 0.0 0.0
building 0.0 0 0.0 1040.0 73.0 1166.0 121.0 0.0 0.0 0.0 0.0 0.0 0.0 0.0
building 0.0 0 0.0 825.0 276.0 989.0 307.0 0.0 0.0 0.0 0.0 0.0 0.0 0.0
building 0.0 0 0.0 364.0 576.0 456.0 608.0 0.0 0.0 0.0 0.0 0.0 0.0 0.0
building 0.0 0 0.0 1020.0 572.0 1074.0 606.0 0.0 0.0 0.0 0.0 0.0 0.0 0.0
building 0.0 0 0.0 139.0 78.0 251.0 126.0 0.0 0.0 0.0 0.0 0.0 0.0 0.0
building 0.0 0 0.0 0.0 433.0 62.0 514.0 0.0 0.0 0.0 0.0 0.0 0.0 0.0
building 0.0 0 0.0 1113.0 1120.0 1146.0 1266.0 0.0 0.0 0.0 0.0 0.0 0.0 0.0
building 0.0 0 0.0 387.0 925.0 690.0 1099.0 0.0 0.0 0.0 0.0 0.0 0.0 0.0
building 0.0 0 0.0 0.0 114.0 71.0 146.0 0.0 0.0 0.0 0.0 0.0 0.0 0.0
building 0.0 0 0.0 812.0 924.0 883.0 1020.0 0.0 0.0 0.0 0.0 0.0 0.0 0.0
building 0.0 0 0.0 1014.0 275.0 1164.0 306.0 0.0 0.0 0.0 0.0 0.0 0.0 0.0
building 0.0 0 0.0 562.0 278.0 718.0 307.0 0.0 0.0 0.0 0.0 0.0 0.0 0.0
building 0.0 0 0.0 1177.0 923.0 1208.0 1008.0 0.0 0.0 0.0 0.0 0.0 0.0 0.0
building 0.0 0 0.0 639.0 672.0 732.0 834.0 0.0 0.0 0.0 0.0 0.0 0.0 0.0
building 0.0 0 0.0 42.0 413.0 160.0 555.0 0.0 0.0 0.0 0.0 0.0 0.0 0.0
building 0.0 0 0.0 1152.0 1120.0 1182.0 1271.0 0.0 0.0 0.0 0.0 0.0 0.0 0.0
building 0.0 0 0.0 562.0 509.0 720.0 539.0 0.0 0.0 0.0 0.0 0.0 0.0 0.0
building 0.0 0 0.0 839.0 577.0 996.0 607.0 0.0 0.0 0.0 0.0 0.0 0.0 0.0
building 0.0 0 0.0 380.0 511.0 538.0 542.0 0.0 0.0 0.0 0.0 0.0 0.0 0.0
building 0.0 0 0.0 553.0 72.0 707.0 106.0 0.0 0.0 0.0 0.0 0.0 0.0 0.0
building 0.0 0 0.0 841.0 607.0 997.0 639.0 0.0 0.0 0.0 0.0 0.0 0.0 0.0
