building 0.0 0 0.0 585.0 318.0 670.0 352.0 0.0 0.0 0.0 0.0 0.0 0.0 0.0
building 0.0 0 0.0 0.0 189.0 5.0 290.0 0.0 0.0 0.0 0.0 0.0 0.0 0.0
building 0.0 0 0.0 999.0 357.0 1029.0 417.0 0.0 0.0 0.0 0.0 0.0 0.0 0.0
building 0.0 0 0.0 1097.0 1270.0 1120.0 1279.0 0.0 0.0 0.0 0.0 0.0 0.0 0.0
building 0.0 0 0.0 710.0 621.0 780.0 703.0 0.0 0.0 0.0 0.0 0.0 0.0 0.0
building 0.0 0 0.0 827.0 368.0 859.0 428.0 0.0 0.0 0.0 0.0 0.0 0.0 0.0
building 0.0 0 0.0 0.0 627.0 199.0 997.0 0.0 0.0 0.0 0.0 0.0 0.0 0.0
building 0.0 0 0.0 49.0 0.0 85.0 76.0 0.0 0.0 0.0 0.0 0.0 0.0 0.0
building 0.0 0 0.0 769.0 0.0 806.0 67.0 0.0 0.0 0.0 0.0 0.0 0.0 0.0
building 0.0 0 0.0 1017.0 0.0 1051.0 65.0 0.0 0.0 0.0 0.0 0.0 0.0 0.0
building 0.0 0 0.0 811.0 0.0 844.0 67.0 0.0 0.0 0.0 0.0 0.0 0.0 0.0
building 0.0 0 0.0 943.0 899.0 975.0 981.0 0.0 0.0 0.0 0.0 0.0 0.0 0.0
building 0.0 0 0.0 976.0 812.0 1009.0 979.0 0.0 0.0 0.0 0.0 0.0 0.0 0.0
building 0.0 0 0.0 996.0 178.0 1029.0 329.0 0.0 0.0 0.0 0.0 0.0 0.0 0.0
building 0.0 0 0.0 271.0 433.0 306.0 521.0 0.0 0.0 0.0 0.0 0.0 0.0 0.0
building 0.0 0 0.0 0.0 426.0 6.0 522.0 0.0 0.0 0.0 0.0 0.0 0.0 0.0
building 0.0 0 0.0 1062.0 173.0 1098.0 269.0 0.0 0.0 0.0 0.0 0.0 0.0 0.0
building 0.0 0 0.0 586.0 352.0 675.0 386.0 0.0 0.0 0.0 0.0 0.0 0.0 0.0
building 0.0 0 0.0 183.0 419.0 220.0 521.0 0.0 0.0 0.0 0.0 0.0 0.0 0.0
building 0.0 0 0.0 1115.0 878.0 1150.0 972.0 0.0 0.0 0.0 0.0 0.0 0.0 0.0
building 0.0 0 0.0 1208.0 424.0 1241.0 525.0 0.0 0.0 0.0 0.0 0.0 0.0 0.0
building 0.0 0 0.0 8.0 190.0 46.0 341.0 0.0 0.0 0.0 0.0 0.0 0.0 0.0
building 0.0 0 0.0 1226.0 1264.0 1279.0 1279.0 0.0 0.0 0.0 0.0 0.0 0.0 0.0
building 0.0 0 0.0 862.0 362.0 896.0 521.0 0.0 0.0 0.0 0.0 0.0 0.0 0.0
building 0.0 0 0.0 575.0 0.0 668.0 10.0 0.0 0.0 0.0 0.0 0.0 0.0 0.0
building 0.0 0 0.0 879.0 0.0 913.0 65.0 0.0 0.0 0.0 0.0 0.0 0.0 0.0
building 0.0 0 0.0 1050.0 1082.0 1085.0 1168.0 0.0 0.0 0.0 0.0 0.0 0.0 0.0
building 0.0 0 0.0 1131.0 172.0 1166.0 266.0 0.0 0.0 0.0 0.0 0.0 0.0 0.0
building 0.0 0 0.0 1085.0 0.0 1120.0 64.0 0.0 0.0 0.0 0.0 0.0 0.0 0.0
building 0.0 0 0.0 626.0 489.0 773.0 534.0 0.0 0.0 0.0 0.0 0.0 0.0 0.0
building 0.0 0 0.0 629.0 775.0 779.0 804.0 0.0 0.0 0.0 0.0 0.0 0.0 0.0
building 0.0 0 0.0 621.0 811.0 781.0 847.0 0.0 0.0 0.0 0.0 0.0 0.0 0.0
building 0.0 0 0.0 632.0 1266.0 793.0 1279.0 0.0 0.0 0.0 0.0 0.0 0.0 0.0
building 0.0 0 0.0 628.0 846.0 781.0 877.0 0.0 0.0 0.0 0.0 0.0 0.0 0.0
building 0.0 0 0.0 620.0 741.0 779.0 770.0 0.0 0.0 0.0 0.0 0.0 0.0 0.0
building 0.0 0 0.0 596.0 171.0 663.0 313.0 0.0 0.0 0.0 0.0 0.0 0.0 0.0
building 0.0 0 0.0 804.0 642.0 835.0 736.0 0.0 0.0 0.0 0.0 0.0 0.0 0.0
building 0.0 0 0.0 1239.0 430.0 1273.0 519.0 0.0 0.0 0.0 0.0 0.0 0.0 0.0
building 0.0 0 0.0 14.0 370.0 51.0 522.0 0.0 0.0 0.0 0.0 0.0 0.0 0.0
building 0.0 0 0.0 1278.0 417.0 1279.0 506.0 0.0 0.0 0.0 0.0 0.0 0.0 0.0
building 0.0 0 0.0 846.0 0.0 880.0 66.0 0.0 0.0 0.0 0.0 0.0 0.0 0.0
building 0.0 0 0.0 790.0 175.0 827.0 338.0 0.0 0.0 0.0 0.0 0.0 0.0 0.0
building 0.0 0 0.0 966.0 424.0 1002.0 520.0 0.0 0.0 0.0 0.0 0.0 0.0 0.0
building 0.0 0 0.0 1142.0 434.0 1173.0 526.0 0.0 0.0 0.0 0.0 0.0 0.0 0.0
building 0.0 0 0.0 576.0 47.0 647.0 79.0 0.0 0.0 0.0 0.0 0.0 0.0 0.0
building 0.0 0 0.0 1050.0 0.0 1084.0 64.0 0.0 0.0 0.0 0.0 0.0 0.0 0.0
building 0.0 0 0.0 59.0 369.0 97.0 521.0 0.0 0.0 0.0 0.0 0.0 0.0 0.0
building 0.0 0 0.0 629.0 954.0 784.0 982.0 0.0 0.0 0.0 0.0 0.0 0.0 0.0
building 0.0 0 0.0 1256.0 0.0 1279.0 61.0 0.0 0.0 0.0 0.0 0.0 0.0 0.0
building 0.0 0 0.0 47.0 189.0 84.0 288.0 0.0 0.0 0.0 0.0 0.0 0.0 0.0
building 0.0 0 0.0 15.0 0.0 48.0 70.0 0.0 0.0 0.0 0.0 0.0 0.0 0.0
building 0.0 0 0.0 960.0 178.0 994.0 273.0 0.0 0.0 0.0 0.0 0.0 0.0 0.0
building 0.0 0 0.0 913.0 0.0 949.0 64.0 0.0 0.0 0.0 0.0 0.0 0.0 0.0
building 0.0 0 0.0 796.0 433.0 827.0 536.0 0.0 0.0 0.0 0.0 0.0 0.0 0.0
building 0.0 0 0.0 625.0 420.0 771.0 453.0 0.0 0.0 0.0 0.0 0.0 0.0 0.0
building 0.0 0 0.0 629.0 914.0 784.0 950.0 0.0 0.0 0.0 0.0 0.0 0.0 0.0
building 0.0 0 0.0 137.0 419.0 176.0 523.0 0.0 0.0 0.0 0.0 0.0 0.0 0.0
building 0.0 0 0.0 1165.0 172.0 1201.0 326.0 0.0 0.0 0.0 0.0 0.0 0.0 0.0
building 0.0 0 0.0 893.0 182.0 924.0 267.0 0.0 0.0 0.0 0.0 0.0 0.0 0.0
building 0.0 0 0.0 332.0 692.0 508.0 817.0 0.0 0.0 0.0 0.0 0.0 0.0 0.0
building 0.0 0 0.0 229.0 363.0 268.0 522.0 0.0 0.0 0.0 0.0 0.0 0.0 0.0
building 0.0 0 0.0 805.0 820.0 842.0 975.0 0.0 0.0 0.0 0.0 0.0 0.0 0.0
building 0.0 0 0.0 153.0 0.0 221.0 71.0 0.0 0.0 0.0 0.0 0.0 0.0 0.0
building 0.0 0 0.0 327.0 349.0 497.0 478.0 0.0 0.0 0.0 0.0 0.0 0.0 0.0
building 0.0 0 0.0 1268.0 173.0 1279.0 255.0 0.0 0.0 0.0 0.0 0.0 0.0 0.0
building 0.0 0 0.0 982.0 0.0 1016.0 64.0 0.0 0.0 0.0 0.0 0.0 0.0 0.0
building 0.0 0 0.0 1046.0 815.0 1077.0 975.0 0.0 0.0 0.0 0.0 0.0 0.0 0.0
building 0.0 0 0.0 626.0 1126.0 789.0 1159.0 0.0 0.0 0.0 0.0 0.0 0.0 0.0
building 0.0 0 0.0 811.0 1078.0 844.0 1164.0 0.0 0.0 0.0 0.0 0.0 0.0 0.0
building 0.0 0 0.0 1088.0 1088.0 1117.0 1151.0 0.0 0.0 0.0 0.0 0.0 0.0 0.0
building 0.0 0 0.0 126.0 188.0 162.0 281.0 0.0 0.0 0.0 0.0 0.0 0.0 0.0
building 0.0 0 0.0 840.0 819.0 876.0 980.0 0.0 0.0 0.0 0.0 0.0 0.0 0.0
building 0.0 0 0.0 876.0 895.0 910.0 979.0 0.0 0.0 0.0 0.0 0.0 0.0 0.0
building 0.0 0 0.0 1182.0 862.0 1214.0 965.0 0.0 0.0 0.0 0.0 0.0 0.0 0.0
building 0.0 0 0.0 879.0 1091.0 915.0 1180.0 0.0 0.0 0.0 0.0 0.0 0.0 0.0
building 0.0 0 0.0 1232.0 171.0 1268.0 255.0 0.0 0.0 0.0 0.0 0.0 0.0 0.0
building 0.0 0 0.0 1079.0 878.0 1113.0 972.0 0.0 0.0 0.0 0.0 0.0 0.0 0.0
building 0.0 0 0.0 906.0 643.0 939.0 734.0 0.0 0.0 0.0 0.0 0.0 0.0 0.0
building 0.0 0 0.0 606.0 1158.0 779.0 1264.0 0.0 0.0 0.0 0.0 0.0 0.0 0.0
building 0.0 0 0.0 1153.0 0.0 1188.0 63.0 0.0 0.0 0.0 0.0 0.0 0.0 0.0
building 0.0 0 0.0 1109.0 639.0 1139.0 717.0 0.0 0.0 0.0 0.0 0.0 0.0 0.0
building 0.0 0 0.0 1188.0 1084.0 1218.0 1176.0 0.0 0.0 0.0 0.0 0.0 0.0 0.0
building 0.0 0 0.0 263.0 185.0 301.0 339.0 0.0 0.0 0.0 0.0 0.0 0.0 0.0
building 0.0 0 0.0 84.0 0.0 117.0 70.0 0.0 0.0 0.0 0.0 0.0 0.0 0.0
building 0.0 0 0.0 927.0 180.0 960.0 263.0 0.0 0.0 0.0 0.0 0.0 0.0 0.0
building 0.0 0 0.0 220.0 813.0 512.0 993.0 0.0 0.0 0.0 0.0 0.0 0.0 0.0
building 0.0 0 0.0 611.0 645.0 676.0 722.0 0.0 0.0 0.0 0.0 0.0 0.0 0.0
building 0.0 0 0.0 87.0 189.0 123.0 291.0 0.0 0.0 0.0 0.0 0.0 0.0 0.0
building 0.0 0 0.0 118.0 0.0 152.0 69.0 0.0 0.0 0.0 0.0 0.0 0.0 0.0
building 0.0 0 0.0 859.0 184.0 893.0 335.0 0.0 0.0 0.0 0.0 0.0 0.0 0.0
building 0.0 0 0.0 1039.0 432.0 1070.0 519.0 0.0 0.0 0.0 0.0 0.0 0.0 0.0
building 0.0 0 0.0 1120.0 0.0 1154.0 63.0 0.0 0.0 0.0 0.0 0.0 0.0 0.0
building 0.0 0 0.0 625.0 454.0 771.0 488.0 0.0 0.0 0.0 0.0 0.0 0.0 0.0
building 0.0 0 0.0 323.0 178.0 384.0 336.0 0.0 0.0 0.0 0.0 0.0 0.0 0.0
building 0.0 0 0.0 696.0 169.0 764.0 313.0 0.0 0.0 0.0 0.0 0.0 0.0 0.0
building 0.0 0 0.0 623.0 881.0 782.0 917.0 0.0 0.0 0.0 0.0 0.0 0.0 0.0
