building 0.0 0 0.0 0.0 1006.0 8.0 1059.0 0.0 0.0 0.0 0.0 0.0 0.0 0.0
building 0.0 0 0.0 15.0 221.0 178.0 255.0 0.0 0.0 0.0 0.0 0.0 0.0 0.0
building 0.0 0 0.0 0.0 739.0 0.0 771.0 0.0 0.0 0.0 0.0 0.0 0.0 0.0
building 0.0 0 0.0 750.0 520.0 813.0 547.0 0.0 0.0 0.0 0.0 0.0 0.0 0.0
building 0.0 0 0.0 290.0 693.0 456.0 728.0 0.0 0.0 0.0 0.0 0.0 0.0 0.0
building 0.0 0 0.0 574.0 1276.0 646.0 1279.0 0.0 0.0 0.0 0.0 0.0 0.0 0.0
building 0.0 0 0.0 21.0 359.0 171.0 391.0 0.0 0.0 0.0 0.0 0.0 0.0 0.0
building 0.0 0 0.0 747.0 330.0 895.0 365.0 0.0 0.0 0.0 0.0 0.0 0.0 0.0
building 0.0 0 0.0 929.0 19.0 960.0 180.0 0.0 0.0 0.0 0.0 0.0 0.0 0.0
building 0.0 0 0.0 586.0 1012.0 617.0 1085.0 0.0 0.0 0.0 0.0 0.0 0.0 0.0
building 0.0 0 0.0 111.0 1104.0 204.0 1137.0 0.0 0.0 0.0 0.0 0.0 0.0 0.0
building 0.0 0 0.0 290.0 522.0 448.0 556.0 0.0 0.0 0.0 0.0 0.0 0.0 0.0
building 0.0 0 0.0 926.0 445.0 999.0 477.0 0.0 0.0 0.0 0.0 0.0 0.0 0.0
building 0.0 0 0.0 479.0 683.0 511.0 832.0 0.0 0.0 0.0 0.0 0.0 0.0 0.0
building 0.0 0 0.0 939.0 273.0 1079.0 305.0 0.0 0.0 0.0 0.0 0.0 0.0 0.0
building 0.0 0 0.0 495.0 418.0 539.0 450.0 0.0 0.0 0.0 0.0 0.0 0.0 0.0
building 0.0 0 0.0 19.0 256.0 165.0 289.0 0.0 0.0 0.0 0.0 0.0 0.0 0.0
building 0.0 0 0.0 98.0 969.0 183.0 1000.0 0.0 0.0 0.0 0.0 0.0 0.0 0.0
building 0.0 0 0.0 297.0 628.0 357.0 659.0 0.0 0.0 0.0 0.0 0.0 0.0 0.0
building 0.0 0 0.0 745.0 481.0 901.0 512.0 0.0 0.0 0.0 0.0 0.0 0.0 0.0
building 0.0 0 0.0 585.0 1172.0 651.0 1204.0 0.0 0.0 0.0 0.0 0.0 0.0 0.0
building 0.0 0 0.0 833.0 585.0 888.0 617.0 0.0 0.0 0.0 0.0 0.0 0.0 0.0
building 0.0 0 0.0 472.0 519.0 629.0 552.0 0.0 0.0 0.0 0.0 0.0 0.0 0.0
building 0.0 0 0.0 0.0 977.0 5.0 1004.0 0.0 0.0 0.0 0.0 0.0 0.0 0.0
building 0.0 0 0.0 964.0 107.0 997.0 175.0 0.0 0.0 0.0 0.0 0.0 0.0 0.0
building 0.0 0 0.0 933.0 306.0 1078.0 341.0 0.0 0.0 0.0 0.0 0.0 0.0 0.0
building 0.0 0 0.0 360.0 17.0 427.0 192.0 0.0 0.0 0.0 0.0 0.0 0.0 0.0
building 0.0 0 0.0 471.0 313.0 629.0 346.0 0.0 0.0 0.0 0.0 0.0 0.0 0.0
building 0.0 0 0.0 299.0 972.0 458.0 1003.0 0.0 0.0 0.0 0.0 0.0 0.0 0.0
building 0.0 0 0.0 585.0 1140.0 644.0 1171.0 0.0 0.0 0.0 0.0 0.0 0.0 0.0
building 0.0 0 0.0 472.0 279.0 584.0 314.0 0.0 0.0 0.0 0.0 0.0 0.0 0.0
building 0.0 0 0.0 297.0 1110.0 369.0 1141.0 0.0 0.0 0.0 0.0 0.0 0.0 0.0
building 0.0 0 0.0 602.0 132.0 633.0 185.0 0.0 0.0 0.0 0.0 0.0 0.0 0.0
building 0.0 0 0.0 429.0 20.0 462.0 129.0 0.0 0.0 0.0 0.0 0.0 0.0 0.0
building 0.0 0 0.0 519.0 941.0 550.0 1086.0 0.0 0.0 0.0 0.0 0.0 0.0 0.0
building 0.0 0 0.0 750.0 622.0 833.0 655.0 0.0 0.0 0.0 0.0 0.0 0.0 0.0
building 0.0 0 0.0 41.0 1244.0 205.0 1274.0 0.0 0.0 0.0 0.0 0.0 0.0 0.0
building 0.0 0 0.0 550.0 926.0 584.0 1083.0 0.0 0.0 0.0 0.0 0.0 0.0 0.0
building 0.0 0 0.0 0.0 935.0 6.0 972.0 0.0 0.0 0.0 0.0 0.0 0.0 0.0
building 0.0 0 0.0 745.0 922.0 1061.0 1279.0 0.0 0.0 0.0 0.0 0.0 0.0 0.0
building 0.0 0 0.0 997.0 11.0 1030.0 109.0 0.0 0.0 0.0 0.0 0.0 0.0 0.0
building 0.0 0 0.0 96.0 291.0 169.0 322.0 0.0 0.0 0.0 0.0 0.0 0.0 0.0
building 0.0 0 0.0 96.0 599.0 192.0 635.0 0.0 0.0 0.0 0.0 0.0 0.0 0.0
building 0.0 0 0.0 482.0 927.0 518.0 1055.0 0.0 0.0 0.0 0.0 0.0 0.0 0.0
building 0.0 0 0.0 143.0 1073.0 202.0 1104.0 0.0 0.0 0.0 0.0 0.0 0.0 0.0
building 0.0 0 0.0 1013.0 514.0 1085.0 544.0 0.0 0.0 0.0 0.0 0.0 0.0 0.0
building 0.0 0 0.0 521.0 218.0 618.0 265.0 0.0 0.0 0.0 0.0 0.0 0.0 0.0
building 0.0 0 0.0 287.0 558.0 448.0 591.0 0.0 0.0 0.0 0.0 0.0 0.0 0.0
building 0.0 0 0.0 297.0 1006.0 460.0 1037.0 0.0 0.0 0.0 0.0 0.0 0.0 0.0
building 0.0 0 0.0 288.0 926.0 377.0 972.0 0.0 0.0 0.0 0.0 0.0 0.0 0.0
building 0.0 0 0.0 475.0 587.0 632.0 623.0 0.0 0.0 0.0 0.0 0.0 0.0 0.0
building 0.0 0 0.0 0.0 815.0 5.0 846.0 0.0 0.0 0.0 0.0 0.0 0.0 0.0
building 0.0 0 0.0 924.0 238.0 1073.0 271.0 0.0 0.0 0.0 0.0 0.0 0.0 0.0
building 0.0 0 0.0 21.0 402.0 174.0 449.0 0.0 0.0 0.0 0.0 0.0 0.0 0.0
building 0.0 0 0.0 307.0 1178.0 380.0 1210.0 0.0 0.0 0.0 0.0 0.0 0.0 0.0
building 0.0 0 0.0 1261.0 672.0 1279.0 812.0 0.0 0.0 0.0 0.0 0.0 0.0 0.0
building 0.0 0 0.0 477.0 552.0 632.0 586.0 0.0 0.0 0.0 0.0 0.0 0.0 0.0
building 0.0 0 0.0 419.0 927.0 460.0 972.0 0.0 0.0 0.0 0.0 0.0 0.0 0.0
building 0.0 0 0.0 39.0 1208.0 195.0 1241.0 0.0 0.0 0.0 0.0 0.0 0.0 0.0
building 0.0 0 0.0 760.0 16.0 861.0 159.0 0.0 0.0 0.0 0.0 0.0 0.0 0.0
building 0.0 0 0.0 735.0 207.0 892.0 243.0 0.0 0.0 0.0 0.0 0.0 0.0 0.0
building 0.0 0 0.0 746.0 374.0 896.0 406.0 0.0 0.0 0.0 0.0 0.0 0.0 0.0
building 0.0 0 0.0 32.0 1003.0 121.0 1039.0 0.0 0.0 0.0 0.0 0.0 0.0 0.0
building 0.0 0 0.0 1203.0 477.0 1279.0 508.0 0.0 0.0 0.0 0.0 0.0 0.0 0.0
building 0.0 0 0.0 1198.0 270.0 1271.0 302.0 0.0 0.0 0.0 0.0 0.0 0.0 0.0
building 0.0 0 0.0 0.0 1199.0 9.0 1226.0 0.0 0.0 0.0 0.0 0.0 0.0 0.0
building 0.0 0 0.0 1199.0 338.0 1266.0 370.0 0.0 0.0 0.0 0.0 0.0 0.0 0.0
building 0.0 0 0.0 0.0 29.0 181.0 203.0 0.0 0.0 0.0 0.0 0.0 0.0 0.0
building 0.0 0 0.0 0.0 37.0 3.0 203.0 0.0 0.0 0.0 0.0 0.0 0.0 0.0
building 0.0 0 0.0 381.0 762.0 458.0 838.0 0.0 0.0 0.0 0.0 0.0 0.0 0.0
building 0.0 0 0.0 294.0 81.0 325.0 106.0 0.0 0.0 0.0 0.0 0.0 0.0 0.0
building 0.0 0 0.0 723.0 16.0 760.0 186.0 0.0 0.0 0.0 0.0 0.0 0.0 0.0
building 0.0 0 0.0 831.0 411.0 888.0 445.0 0.0 0.0 0.0 0.0 0.0 0.0 0.0
building 0.0 0 0.0 382.0 390.0 435.0 418.0 0.0 0.0 0.0 0.0 0.0 0.0 0.0
building 0.0 0 0.0 504.0 1209.0 550.0 1240.0 0.0 0.0 0.0 0.0 0.0 0.0 0.0
building 0.0 0 0.0 1247.0 5.0 1279.0 96.0 0.0 0.0 0.0 0.0 0.0 0.0 0.0
building 0.0 0 0.0 1011.0 478.0 1081.0 508.0 0.0 0.0 0.0 0.0 0.0 0.0 0.0
building 0.0 0 0.0 485.0 1105.0 658.0 1140.0 0.0 0.0 0.0 0.0 0.0 0.0 0.0
building 0.0 0 0.0 292.0 214.0 445.0 247.0 0.0 0.0 0.0 0.0 0.0 0.0 0.0
building 0.0 0 0.0 748.0 448.0 802.0 479.0 0.0 0.0 0.0 0.0 0.0 0.0 0.0
building 0.0 0 0.0 291.0 318.0 443.0 348.0 0.0 0.0 0.0 0.0 0.0 0.0 0.0
building 0.0 0 0.0 85.0 775.0 168.0 804.0 0.0 0.0 0.0 0.0 0.0 0.0 0.0
building 0.0 0 0.0 293.0 1074.0 465.0 1110.0 0.0 0.0 0.0 0.0 0.0 0.0 0.0
building 0.0 0 0.0 470.0 487.0 537.0 518.0 0.0 0.0 0.0 0.0 0.0 0.0 0.0
building 0.0 0 0.0 1191.0 671.0 1229.0 828.0 0.0 0.0 0.0 0.0 0.0 0.0 0.0
building 0.0 0 0.0 96.0 497.0 175.0 534.0 0.0 0.0 0.0 0.0 0.0 0.0 0.0
building 0.0 0 0.0 532.0 20.0 563.0 115.0 0.0 0.0 0.0 0.0 0.0 0.0 0.0
building 0.0 0 0.0 32.0 1036.0 191.0 1075.0 0.0 0.0 0.0 0.0 0.0 0.0 0.0
building 0.0 0 0.0 311.0 1245.0 469.0 1279.0 0.0 0.0 0.0 0.0 0.0 0.0 0.0
building 0.0 0 0.0 294.0 454.0 448.0 488.0 0.0 0.0 0.0 0.0 0.0 0.0 0.0
building 0.0 0 0.0 744.0 286.0 898.0 325.0 0.0 0.0 0.0 0.0 0.0 0.0 0.0
building 0.0 0 0.0 288.0 728.0 455.0 762.0 0.0 0.0 0.0 0.0 0.0 0.0 0.0
building 0.0 0 0.0 0.0 1116.0 8.0 1142.0 0.0 0.0 0.0 0.0 0.0 0.0 0.0
building 0.0 0 0.0 33.0 1137.0 185.0 1171.0 0.0 0.0 0.0 0.0 0.0 0.0 0.0
building 0.0 0 0.0 295.0 490.0 443.0 520.0 0.0 0.0 0.0 0.0 0.0 0.0 0.0
building 0.0 0 0.0 1203.0 543.0 1279.0 575.0 0.0 0.0 0.0 0.0 0.0 0.0 0.0
building 0.0 0 0.0 1197.0 510.0 1279.0 541.0 0.0 0.0 0.0 0.0 0.0 0.0 0.0
building 0.0 0 0.0 614.0 679.0 655.0 837.0 0.0 0.0 0.0 0.0 0.0 0.0 0.0
building 0.0 0 0.0 1197.0 442.0 1267.0 472.0 0.0 0.0 0.0 0.0 0.0 0.0 0.0
building 0.0 0 0.0 1196.0 372.0 1279.0 406.0 0.0 0.0 0.0 0.0 0.0 0.0 0.0
building 0.0 0 0.0 37.0 1276.0 207.0 1279.0 0.0 0.0 0.0 0.0 0.0 0.0 0.0
building 0.0 0 0.0 26.0 670.0 183.0 700.0 0.0 0.0 0.0 0.0 0.0 0.0 0.0
building 0.0 0 0.0 514.0 761.0 546.0 829.0 0.0 0.0 0.0 0.0 0.0 0.0 0.0
building 0.0 0 0.0 1178.0 9.0 1213.0 176.0 0.0 0.0 0.0 0.0 0.0 0.0 0.0
building 0.0 0 0.0 25.0 702.0 180.0 740.0 0.0 0.0 0.0 0.0 0.0 0.0 0.0
building 0.0 0 0.0 92.0 811.0 174.0 839.0 0.0 0.0 0.0 0.0 0.0 0.0 0.0
building 0.0 0 0.0 0.0 1150.0 8.0 1184.0 0.0 0.0 0.0 0.0 0.0 0.0 0.0
building 0.0 0 0.0 118.0 635.0 182.0 667.0 0.0 0.0 0.0 0.0 0.0 0.0 0.0
building 0.0 0 0.0 91.0 739.0 173.0 770.0 0.0 0.0 0.0 0.0 0.0 0.0 0.0
building 0.0 0 0.0 35.0 1173.0 196.0 1206.0 0.0 0.0 0.0 0.0 0.0 0.0 0.0
building 0.0 0 0.0 1200.0 303.0 1279.0 335.0 0.0 0.0 0.0 0.0 0.0 0.0 0.0
building 0.0 0 0.0 932.0 546.0 1081.0 580.0 0.0 0.0 0.0 0.0 0.0 0.0 0.0
building 0.0 0 0.0 937.0 616.0 1093.0 652.0 0.0 0.0 0.0 0.0 0.0 0.0 0.0
building 0.0 0 0.0 357.0 419.0 420.0 451.0 0.0 0.0 0.0 0.0 0.0 0.0 0.0
building 0.0 0 0.0 298.0 659.0 451.0 691.0 0.0 0.0 0.0 0.0 0.0 0.0 0.0
building 0.0 0 0.0 1208.0 577.0 1279.0 611.0 0.0 0.0 0.0 0.0 0.0 0.0 0.0
building 0.0 0 0.0 1009.0 340.0 1080.0 374.0 0.0 0.0 0.0 0.0 0.0 0.0 0.0
building 0.0 0 0.0 754.0 553.0 843.0 585.0 0.0 0.0 0.0 0.0 0.0 0.0 0.0
building 0.0 0 0.0 497.0 21.0 535.0 188.0 0.0 0.0 0.0 0.0 0.0 0.0 0.0
building 0.0 0 0.0 19.0 324.0 172.0 358.0 0.0 0.0 0.0 0.0 0.0 0.0 0.0
building 0.0 0 0.0 369.0 247.0 445.0 278.0 0.0 0.0 0.0 0.0 0.0 0.0 0.0
building 0.0 0 0.0 928.0 376.0 1078.0 405.0 0.0 0.0 0.0 0.0 0.0 0.0 0.0
building 0.0 0 0.0 292.0 1142.0 465.0 1176.0 0.0 0.0 0.0 0.0 0.0 0.0 0.0
building 0.0 0 0.0 293.0 592.0 379.0 626.0 0.0 0.0 0.0 0.0 0.0 0.0 0.0
building 0.0 0 0.0 744.0 247.0 815.0 280.0 0.0 0.0 0.0 0.0 0.0 0.0 0.0
building 0.0 0 0.0 1190.0 201.0 1279.0 236.0 0.0 0.0 0.0 0.0 0.0 0.0 0.0
building 0.0 0 0.0 577.0 452.0 631.0 483.0 0.0 0.0 0.0 0.0 0.0 0.0 0.0
building 0.0 0 0.0 105.0 452.0 175.0 490.0 0.0 0.0 0.0 0.0 0.0 0.0 0.0
building 0.0 0 0.0 351.0 282.0 445.0 314.0 0.0 0.0 0.0 0.0 0.0 0.0 0.0
building 0.0 0 0.0 309.0 1210.0 463.0 1244.0 0.0 0.0 0.0 0.0 0.0 0.0 0.0
building 0.0 0 0.0 623.0 939.0 657.0 1081.0 0.0 0.0 0.0 0.0 0.0 0.0 0.0
building 0.0 0 0.0 895.0 21.0 925.0 87.0 0.0 0.0 0.0 0.0 0.0 0.0 0.0
building 0.0 0 0.0 470.0 350.0 571.0 385.0 0.0 0.0 0.0 0.0 0.0 0.0 0.0
building 0.0 0 0.0 1226.0 681.0 1258.0 738.0 0.0 0.0 0.0 0.0 0.0 0.0 0.0
building 0.0 0 0.0 57.0 545.0 175.0 583.0 0.0 0.0 0.0 0.0 0.0 0.0 0.0
building 0.0 0 0.0 474.0 624.0 633.0 661.0 0.0 0.0 0.0 0.0 0.0 0.0 0.0
building 0.0 0 0.0 295.0 1039.0 460.0 1074.0 0.0 0.0 0.0 0.0 0.0 0.0 0.0
building 0.0 0 0.0 995.0 580.0 1092.0 614.0 0.0 0.0 0.0 0.0 0.0 0.0 0.0
building 0.0 0 0.0 462.0 30.0 496.0 189.0 0.0 0.0 0.0 0.0 0.0 0.0 0.0
building 0.0 0 0.0 925.0 203.0 1071.0 237.0 0.0 0.0 0.0 0.0 0.0 0.0 0.0
building 0.0 0 0.0 289.0 352.0 442.0 384.0 0.0 0.0 0.0 0.0 0.0 0.0 0.0
building 0.0 0 0.0 30.0 933.0 175.0 966.0 0.0 0.0 0.0 0.0 0.0 0.0 0.0
building 0.0 0 0.0 1201.0 406.0 1279.0 437.0 0.0 0.0 0.0 0.0 0.0 0.0 0.0
building 0.0 0 0.0 1009.0 411.0 1090.0 443.0 0.0 0.0 0.0 0.0 0.0 0.0 0.0
building 0.0 0 0.0 593.0 1240.0 647.0 1271.0 0.0 0.0 0.0 0.0 0.0 0.0 0.0
building 0.0 0 0.0 564.0 383.0 634.0 414.0 0.0 0.0 0.0 0.0 0.0 0.0 0.0
