building 0.0 0 0.0 1152.0 0.0 1279.0 37.0 0.0 0.0 0.0 0.0 0.0 0.0 0.0
building 0.0 0 0.0 263.0 984.0 408.0 1024.0 0.0 0.0 0.0 0.0 0.0 0.0 0.0
building 0.0 0 0.0 1174.0 803.0 1229.0 842.0 0.0 0.0 0.0 0.0 0.0 0.0 0.0
building 0.0 0 0.0 38.0 584.0 125.0 625.0 0.0 0.0 0.0 0.0 0.0 0.0 0.0
building 0.0 0 0.0 1157.0 265.0 1279.0 347.0 0.0 0.0 0.0 0.0 0.0 0.0 0.0
building 0.0 0 0.0 439.0 899.0 572.0 935.0 0.0 0.0 0.0 0.0 0.0 0.0 0.0
building 0.0 0 0.0 1170.0 664.0 1241.0 700.0 0.0 0.0 0.0 0.0 0.0 0.0 0.0
building 0.0 0 0.0 1182.0 990.0 1250.0 1027.0 0.0 0.0 0.0 0.0 0.0 0.0 0.0
building 0.0 0 0.0 338.0 715.0 366.0 777.0 0.0 0.0 0.0 0.0 0.0 0.0 0.0
building 0.0 0 0.0 374.0 729.0 417.0 781.0 0.0 0.0 0.0 0.0 0.0 0.0 0.0
building 0.0 0 0.0 264.0 1035.0 411.0 1072.0 0.0 0.0 0.0 0.0 0.0 0.0 0.0
building 0.0 0 0.0 434.0 138.0 563.0 187.0 0.0 0.0 0.0 0.0 0.0 0.0 0.0
building 0.0 0 0.0 0.0 19.0 109.0 61.0 0.0 0.0 0.0 0.0 0.0 0.0 0.0
building 0.0 0 0.0 0.0 108.0 105.0 146.0 0.0 0.0 0.0 0.0 0.0 0.0 0.0
building 0.0 0 0.0 1162.0 438.0 1263.0 476.0 0.0 0.0 0.0 0.0 0.0 0.0 0.0
building 0.0 0 0.0 65.0 1218.0 144.0 1258.0 0.0 0.0 0.0 0.0 0.0 0.0 0.0
building 0.0 0 0.0 457.0 235.0 564.0 271.0 0.0 0.0 0.0 0.0 0.0 0.0 0.0
building 0.0 0 0.0 970.0 1120.0 1032.0 1153.0 0.0 0.0 0.0 0.0 0.0 0.0 0.0
building 0.0 0 0.0 52.0 715.0 128.0 744.0 0.0 0.0 0.0 0.0 0.0 0.0 0.0
building 0.0 0 0.0 513.0 1081.0 577.0 1114.0 0.0 0.0 0.0 0.0 0.0 0.0 0.0
building 0.0 0 0.0 266.0 1170.0 340.0 1206.0 0.0 0.0 0.0 0.0 0.0 0.0 0.0
building 0.0 0 0.0 560.0 733.0 591.0 779.0 0.0 0.0 0.0 0.0 0.0 0.0 0.0
building 0.0 0 0.0 248.0 0.0 351.0 3.0 0.0 0.0 0.0 0.0 0.0 0.0 0.0
building 0.0 0 0.0 1180.0 1068.0 1273.0 1116.0 0.0 0.0 0.0 0.0 0.0 0.0 0.0
building 0.0 0 0.0 422.0 648.0 467.0 780.0 0.0 0.0 0.0 0.0 0.0 0.0 0.0
building 0.0 0 0.0 723.0 901.0 861.0 932.0 0.0 0.0 0.0 0.0 0.0 0.0 0.0
building 0.0 0 0.0 39.0 650.0 127.0 685.0 0.0 0.0 0.0 0.0 0.0 0.0 0.0
building 0.0 0 0.0 61.0 1084.0 140.0 1119.0 0.0 0.0 0.0 0.0 0.0 0.0 0.0
building 0.0 0 0.0 904.0 178.0 1016.0 221.0 0.0 0.0 0.0 0.0 0.0 0.0 0.0
building 0.0 0 0.0 70.0 483.0 124.0 522.0 0.0 0.0 0.0 0.0 0.0 0.0 0.0
building 0.0 0 0.0 1180.0 899.0 1271.0 936.0 0.0 0.0 0.0 0.0 0.0 0.0 0.0
building 0.0 0 0.0 466.0 332.0 572.0 367.0 0.0 0.0 0.0 0.0 0.0 0.0 0.0
building 0.0 0 0.0 928.0 641.0 964.0 775.0 0.0 0.0 0.0 0.0 0.0 0.0 0.0
building 0.0 0 0.0 70.0 531.0 124.0 569.0 0.0 0.0 0.0 0.0 0.0 0.0 0.0
building 0.0 0 0.0 518.0 710.0 551.0 781.0 0.0 0.0 0.0 0.0 0.0 0.0 0.0
building 0.0 0 0.0 250.0 194.0 387.0 231.0 0.0 0.0 0.0 0.0 0.0 0.0 0.0
building 0.0 0 0.0 33.0 289.0 107.0 326.0 0.0 0.0 0.0 0.0 0.0 0.0 0.0
building 0.0 0 0.0 441.0 947.0 574.0 979.0 0.0 0.0 0.0 0.0 0.0 0.0 0.0
building 0.0 0 0.0 691.0 4.0 793.0 41.0 0.0 0.0 0.0 0.0 0.0 0.0 0.0
building 0.0 0 0.0 458.0 191.0 565.0 227.0 0.0 0.0 0.0 0.0 0.0 0.0 0.0
building 0.0 0 0.0 927.0 45.0 1012.0 82.0 0.0 0.0 0.0 0.0 0.0 0.0 0.0
building 0.0 0 0.0 254.0 334.0 394.0 370.0 0.0 0.0 0.0 0.0 0.0 0.0 0.0
building 0.0 0 0.0 729.0 1124.0 865.0 1159.0 0.0 0.0 0.0 0.0 0.0 0.0 0.0
building 0.0 0 0.0 726.0 1031.0 796.0 1065.0 0.0 0.0 0.0 0.0 0.0 0.0 0.0
building 0.0 0 0.0 1167.0 528.0 1279.0 563.0 0.0 0.0 0.0 0.0 0.0 0.0 0.0
building 0.0 0 0.0 866.0 87.0 1014.0 133.0 0.0 0.0 0.0 0.0 0.0 0.0 0.0
building 0.0 0 0.0 431.0 50.0 561.0 99.0 0.0 0.0 0.0 0.0 0.0 0.0 0.0
building 0.0 0 0.0 1170.0 618.0 1279.0 653.0 0.0 0.0 0.0 0.0 0.0 0.0 0.0
building 0.0 0 0.0 0.0 154.0 102.0 191.0 0.0 0.0 0.0 0.0 0.0 0.0 0.0
building 0.0 0 0.0 727.0 1078.0 868.0 1117.0 0.0 0.0 0.0 0.0 0.0 0.0 0.0
building 0.0 0 0.0 888.0 730.0 920.0 777.0 0.0 0.0 0.0 0.0 0.0 0.0 0.0
building 0.0 0 0.0 265.0 1127.0 412.0 1162.0 0.0 0.0 0.0 0.0 0.0 0.0 0.0
building 0.0 0 0.0 270.0 1261.0 342.0 1279.0 0.0 0.0 0.0 0.0 0.0 0.0 0.0
building 0.0 0 0.0 75.0 948.0 137.0 988.0 0.0 0.0 0.0 0.0 0.0 0.0 0.0
building 0.0 0 0.0 724.0 946.0 865.0 978.0 0.0 0.0 0.0 0.0 0.0 0.0 0.0
building 0.0 0 0.0 62.0 1266.0 143.0 1279.0 0.0 0.0 0.0 0.0 0.0 0.0 0.0
building 0.0 0 0.0 711.0 474.0 740.0 529.0 0.0 0.0 0.0 0.0 0.0 0.0 0.0
building 0.0 0 0.0 783.0 473.0 818.0 528.0 0.0 0.0 0.0 0.0 0.0 0.0 0.0
building 0.0 0 0.0 509.0 478.0 545.0 617.0 0.0 0.0 0.0 0.0 0.0 0.0 0.0
building 0.0 0 0.0 920.0 469.0 953.0 528.0 0.0 0.0 0.0 0.0 0.0 0.0 0.0
building 0.0 0 0.0 952.0 468.0 982.0 527.0 0.0 0.0 0.0 0.0 0.0 0.0 0.0
building 0.0 0 0.0 740.0 474.0 768.0 551.0 0.0 0.0 0.0 0.0 0.0 0.0 0.0
building 0.0 0 0.0 817.0 473.0 846.0 547.0 0.0 0.0 0.0 0.0 0.0 0.0 0.0
building 0.0 0 0.0 447.0 1215.0 580.0 1251.0 0.0 0.0 0.0 0.0 0.0 0.0 0.0
building 0.0 0 0.0 845.0 471.0 870.0 527.0 0.0 0.0 0.0 0.0 0.0 0.0 0.0
building 0.0 0 0.0 437.0 478.0 466.0 618.0 0.0 0.0 0.0 0.0 0.0 0.0 0.0
building 0.0 0 0.0 377.0 479.0 408.0 534.0 0.0 0.0 0.0 0.0 0.0 0.0 0.0
building 0.0 0 0.0 679.0 475.0 711.0 529.0 0.0 0.0 0.0 0.0 0.0 0.0 0.0
building 0.0 0 0.0 330.0 479.0 369.0 621.0 0.0 0.0 0.0 0.0 0.0 0.0 0.0
building 0.0 0 0.0 696.0 325.0 728.0 363.0 0.0 0.0 0.0 0.0 0.0 0.0 0.0
building 0.0 0 0.0 789.0 322.0 821.0 361.0 0.0 0.0 0.0 0.0 0.0 0.0 0.0
building 0.0 0 0.0 756.0 242.0 788.0 282.0 0.0 0.0 0.0 0.0 0.0 0.0 0.0
building 0.0 0 0.0 1172.0 708.0 1279.0 744.0 0.0 0.0 0.0 0.0 0.0 0.0 0.0
building 0.0 0 0.0 44.0 775.0 130.0 810.0 0.0 0.0 0.0 0.0 0.0 0.0 0.0
building 0.0 0 0.0 251.0 241.0 384.0 275.0 0.0 0.0 0.0 0.0 0.0 0.0 0.0
building 0.0 0 0.0 0.0 199.0 105.0 239.0 0.0 0.0 0.0 0.0 0.0 0.0 0.0
building 0.0 0 0.0 846.0 709.0 879.0 778.0 0.0 0.0 0.0 0.0 0.0 0.0 0.0
building 0.0 0 0.0 925.0 899.0 1025.0 954.0 0.0 0.0 0.0 0.0 0.0 0.0 0.0
building 0.0 0 0.0 694.0 188.0 784.0 222.0 0.0 0.0 0.0 0.0 0.0 0.0 0.0
building 0.0 0 0.0 232.0 481.0 273.0 568.0 0.0 0.0 0.0 0.0 0.0 0.0 0.0
building 0.0 0 0.0 644.0 475.0 682.0 554.0 0.0 0.0 0.0 0.0 0.0 0.0 0.0
building 0.0 0 0.0 758.0 323.0 790.0 362.0 0.0 0.0 0.0 0.0 0.0 0.0 0.0
building 0.0 0 0.0 725.0 243.0 757.0 282.0 0.0 0.0 0.0 0.0 0.0 0.0 0.0
building 0.0 0 0.0 1007.0 1273.0 1040.0 1279.0 0.0 0.0 0.0 0.0 0.0 0.0 0.0
building 0.0 0 0.0 969.0 1211.0 1034.0 1246.0 0.0 0.0 0.0 0.0 0.0 0.0 0.0
building 0.0 0 0.0 0.0 246.0 104.0 279.0 0.0 0.0 0.0 0.0 0.0 0.0 0.0
building 0.0 0 0.0 699.0 49.0 787.0 88.0 0.0 0.0 0.0 0.0 0.0 0.0 0.0
building 0.0 0 0.0 601.0 708.0 632.0 777.0 0.0 0.0 0.0 0.0 0.0 0.0 0.0
building 0.0 0 0.0 265.0 1216.0 415.0 1254.0 0.0 0.0 0.0 0.0 0.0 0.0 0.0
building 0.0 0 0.0 249.0 150.0 386.0 185.0 0.0 0.0 0.0 0.0 0.0 0.0 0.0
building 0.0 0 0.0 0.0 993.0 137.0 1028.0 0.0 0.0 0.0 0.0 0.0 0.0 0.0
building 0.0 0 0.0 1154.0 46.0 1211.0 80.0 0.0 0.0 0.0 0.0 0.0 0.0 0.0
building 0.0 0 0.0 1173.0 753.0 1254.0 790.0 0.0 0.0 0.0 0.0 0.0 0.0 0.0
building 0.0 0 0.0 477.0 7.0 555.0 44.0 0.0 0.0 0.0 0.0 0.0 0.0 0.0
building 0.0 0 0.0 0.0 491.0 27.0 623.0 0.0 0.0 0.0 0.0 0.0 0.0 0.0
building 0.0 0 0.0 683.0 653.0 714.0 781.0 0.0 0.0 0.0 0.0 0.0 0.0 0.0
building 0.0 0 0.0 1150.0 145.0 1279.0 218.0 0.0 0.0 0.0 0.0 0.0 0.0 0.0
building 0.0 0 0.0 1181.0 945.0 1249.0 982.0 0.0 0.0 0.0 0.0 0.0 0.0 0.0
building 0.0 0 0.0 921.0 137.0 1015.0 173.0 0.0 0.0 0.0 0.0 0.0 0.0 0.0
building 0.0 0 0.0 466.0 478.0 502.0 556.0 0.0 0.0 0.0 0.0 0.0 0.0 0.0
building 0.0 0 0.0 1010.0 465.0 1046.0 583.0 0.0 0.0 0.0 0.0 0.0 0.0 0.0
building 0.0 0 0.0 408.0 478.0 440.0 618.0 0.0 0.0 0.0 0.0 0.0 0.0 0.0
building 0.0 0 0.0 0.0 0.0 106.0 15.0 0.0 0.0 0.0 0.0 0.0 0.0 0.0
building 0.0 0 0.0 1182.0 1179.0 1279.0 1218.0 0.0 0.0 0.0 0.0 0.0 0.0 0.0
building 0.0 0 0.0 970.0 727.0 1001.0 775.0 0.0 0.0 0.0 0.0 0.0 0.0 0.0
building 0.0 0 0.0 1017.0 711.0 1049.0 773.0 0.0 0.0 0.0 0.0 0.0 0.0 0.0
building 0.0 0 0.0 441.0 1125.0 578.0 1161.0 0.0 0.0 0.0 0.0 0.0 0.0 0.0
building 0.0 0 0.0 252.0 289.0 308.0 324.0 0.0 0.0 0.0 0.0 0.0 0.0 0.0
building 0.0 0 0.0 259.0 897.0 353.0 938.0 0.0 0.0 0.0 0.0 0.0 0.0 0.0
building 0.0 0 0.0 1169.0 568.0 1279.0 607.0 0.0 0.0 0.0 0.0 0.0 0.0 0.0
building 0.0 0 0.0 805.0 702.0 838.0 778.0 0.0 0.0 0.0 0.0 0.0 0.0 0.0
building 0.0 0 0.0 244.0 61.0 321.0 96.0 0.0 0.0 0.0 0.0 0.0 0.0 0.0
building 0.0 0 0.0 698.0 142.0 754.0 176.0 0.0 0.0 0.0 0.0 0.0 0.0 0.0
building 0.0 0 0.0 0.0 903.0 134.0 940.0 0.0 0.0 0.0 0.0 0.0 0.0 0.0
building 0.0 0 0.0 248.0 107.0 384.0 142.0 0.0 0.0 0.0 0.0 0.0 0.0 0.0
building 0.0 0 0.0 727.0 324.0 759.0 362.0 0.0 0.0 0.0 0.0 0.0 0.0 0.0
building 0.0 0 0.0 730.0 1215.0 867.0 1251.0 0.0 0.0 0.0 0.0 0.0 0.0 0.0
building 0.0 0 0.0 726.0 987.0 859.0 1024.0 0.0 0.0 0.0 0.0 0.0 0.0 0.0
building 0.0 0 0.0 968.0 1166.0 1033.0 1202.0 0.0 0.0 0.0 0.0 0.0 0.0 0.0
building 0.0 0 0.0 723.0 643.0 755.0 781.0 0.0 0.0 0.0 0.0 0.0 0.0 0.0
building 0.0 0 0.0 448.0 1259.0 580.0 1279.0 0.0 0.0 0.0 0.0 0.0 0.0 0.0
building 0.0 0 0.0 729.0 1170.0 865.0 1204.0 0.0 0.0 0.0 0.0 0.0 0.0 0.0
building 0.0 0 0.0 510.0 990.0 575.0 1023.0 0.0 0.0 0.0 0.0 0.0 0.0 0.0
building 0.0 0 0.0 732.0 1260.0 868.0 1279.0 0.0 0.0 0.0 0.0 0.0 0.0 0.0
building 0.0 0 0.0 955.0 1074.0 1033.0 1110.0 0.0 0.0 0.0 0.0 0.0 0.0 0.0
building 0.0 0 0.0 766.0 712.0 796.0 779.0 0.0 0.0 0.0 0.0 0.0 0.0 0.0
building 0.0 0 0.0 980.0 466.0 1012.0 526.0 0.0 0.0 0.0 0.0 0.0 0.0 0.0
building 0.0 0 0.0 694.0 244.0 726.0 283.0 0.0 0.0 0.0 0.0 0.0 0.0 0.0
building 0.0 0 0.0 301.0 479.0 334.0 615.0 0.0 0.0 0.0 0.0 0.0 0.0 0.0
building 0.0 0 0.0 465.0 280.0 571.0 315.0 0.0 0.0 0.0 0.0 0.0 0.0 0.0
building 0.0 0 0.0 64.0 1175.0 143.0 1212.0 0.0 0.0 0.0 0.0 0.0 0.0 0.0
building 0.0 0 0.0 1182.0 1123.0 1265.0 1165.0 0.0 0.0 0.0 0.0 0.0 0.0 0.0
building 0.0 0 0.0 303.0 693.0 333.0 778.0 0.0 0.0 0.0 0.0 0.0 0.0 0.0
building 0.0 0 0.0 0.0 333.0 110.0 374.0 0.0 0.0 0.0 0.0 0.0 0.0 0.0
building 0.0 0 0.0 1151.0 85.0 1279.0 128.0 0.0 0.0 0.0 0.0 0.0 0.0 0.0
building 0.0 0 0.0 4.0 700.0 37.0 784.0 0.0 0.0 0.0 0.0 0.0 0.0 0.0
building 0.0 0 0.0 1158.0 225.0 1254.0 261.0 0.0 0.0 0.0 0.0 0.0 0.0 0.0
building 0.0 0 0.0 701.0 96.0 753.0 129.0 0.0 0.0 0.0 0.0 0.0 0.0 0.0
building 0.0 0 0.0 271.0 480.0 302.0 564.0 0.0 0.0 0.0 0.0 0.0 0.0 0.0
building 0.0 0 0.0 603.0 475.0 641.0 618.0 0.0 0.0 0.0 0.0 0.0 0.0 0.0
building 0.0 0 0.0 503.0 1035.0 576.0 1066.0 0.0 0.0 0.0 0.0 0.0 0.0 0.0
building 0.0 0 0.0 478.0 733.0 509.0 778.0 0.0 0.0 0.0 0.0 0.0 0.0 0.0
building 0.0 0 0.0 262.0 944.0 348.0 982.0 0.0 0.0 0.0 0.0 0.0 0.0 0.0
building 0.0 0 0.0 464.0 0.0 553.0 1.0 0.0 0.0 0.0 0.0 0.0 0.0 0.0
building 0.0 0 0.0 1176.0 853.0 1257.0 892.0 0.0 0.0 0.0 0.0 0.0 0.0 0.0
building 0.0 0 0.0 1163.0 482.0 1279.0 520.0 0.0 0.0 0.0 0.0 0.0 0.0 0.0
building 0.0 0 0.0 60.0 1039.0 138.0 1076.0 0.0 0.0 0.0 0.0 0.0 0.0 0.0
building 0.0 0 0.0 876.0 470.0 911.0 549.0 0.0 0.0 0.0 0.0 0.0 0.0 0.0
building 0.0 0 0.0 788.0 242.0 820.0 281.0 0.0 0.0 0.0 0.0 0.0 0.0 0.0
building 0.0 0 0.0 264.0 1077.0 411.0 1115.0 0.0 0.0 0.0 0.0 0.0 0.0 0.0
building 0.0 0 0.0 515.0 1171.0 579.0 1204.0 0.0 0.0 0.0 0.0 0.0 0.0 0.0
building 0.0 0 0.0 642.0 652.0 675.0 783.0 0.0 0.0 0.0 0.0 0.0 0.0 0.0
building 0.0 0 0.0 245.0 650.0 296.0 782.0 0.0 0.0 0.0 0.0 0.0 0.0 0.0
building 0.0 0 0.0 895.0 230.0 1023.0 365.0 0.0 0.0 0.0 0.0 0.0 0.0 0.0
building 0.0 0 0.0 62.0 1130.0 140.0 1167.0 0.0 0.0 0.0 0.0 0.0 0.0 0.0
building 0.0 0 0.0 0.0 723.0 2.0 779.0 0.0 0.0 0.0 0.0 0.0 0.0 0.0
building 0.0 0 0.0 865.0 0.0 1014.0 40.0 0.0 0.0 0.0 0.0 0.0 0.0 0.0
building 0.0 0 0.0 0.0 64.0 102.0 103.0 0.0 0.0 0.0 0.0 0.0 0.0 0.0
building 0.0 0 0.0 544.0 477.0 576.0 617.0 0.0 0.0 0.0 0.0 0.0 0.0 0.0
building 0.0 0 0.0 574.0 475.0 604.0 620.0 0.0 0.0 0.0 0.0 0.0 0.0 0.0
