building 0.0 0 0.0 726.0 67.0 818.0 229.0 0.0 0.0 0.0 0.0 0.0 0.0 0.0
building 0.0 0 0.0 725.0 737.0 823.0 778.0 0.0 0.0 0.0 0.0 0.0 0.0 0.0
building 0.0 0 0.0 972.0 1160.0 1020.0 1279.0 0.0 0.0 0.0 0.0 0.0 0.0 0.0
building 0.0 0 0.0 1119.0 1224.0 1183.0 1279.0 0.0 0.0 0.0 0.0 0.0 0.0 0.0
building 0.0 0 0.0 628.0 1151.0 695.0 1279.0 0.0 0.0 0.0 0.0 0.0 0.0 0.0
building 0.0 0 0.0 453.0 0.0 477.0 19.0 0.0 0.0 0.0 0.0 0.0 0.0 0.0
building 0.0 0 0.0 961.0 411.0 1011.0 578.0 0.0 0.0 0.0 0.0 0.0 0.0 0.0
building 0.0 0 0.0 376.0 411.0 437.0 565.0 0.0 0.0 0.0 0.0 0.0 0.0 0.0
building 0.0 0 0.0 565.0 641.0 707.0 775.0 0.0 0.0 0.0 0.0 0.0 0.0 0.0
building 0.0 0 0.0 1229.0 692.0 1279.0 781.0 0.0 0.0 0.0 0.0 0.0 0.0 0.0
building 0.0 0 0.0 0.0 606.0 18.0 692.0 0.0 0.0 0.0 0.0 0.0 0.0 0.0
building 0.0 0 0.0 488.0 1147.0 551.0 1279.0 0.0 0.0 0.0 0.0 0.0 0.0 0.0
building 0.0 0 0.0 1038.0 1165.0 1101.0 1279.0 0.0 0.0 0.0 0.0 0.0 0.0 0.0
building 0.0 0 0.0 65.0 0.0 96.0 18.0 0.0 0.0 0.0 0.0 0.0 0.0 0.0
building 0.0 0 0.0 314.0 61.0 377.0 230.0 0.0 0.0 0.0 0.0 0.0 0.0 0.0
building 0.0 0 0.0 176.0 59.0 221.0 230.0 0.0 0.0 0.0 0.0 0.0 0.0 0.0
building 0.0 0 0.0 765.0 1156.0 825.0 1279.0 0.0 0.0 0.0 0.0 0.0 0.0 0.0
building 0.0 0 0.0 202.0 0.0 235.0 27.0 0.0 0.0 0.0 0.0 0.0 0.0 0.0
building 0.0 0 0.0 383.0 0.0 428.0 25.0 0.0 0.0 0.0 0.0 0.0 0.0 0.0
building 0.0 0 0.0 524.0 0.0 566.0 26.0 0.0 0.0 0.0 0.0 0.0 0.0 0.0
building 0.0 0 0.0 316.0 393.0 371.0 569.0 0.0 0.0 0.0 0.0 0.0 0.0 0.0
building 0.0 0 0.0 1155.0 414.0 1208.0 580.0 0.0 0.0 0.0 0.0 0.0 0.0 0.0
building 0.0 0 0.0 137.0 1251.0 184.0 1279.0 0.0 0.0 0.0 0.0 0.0 0.0 0.0
building 0.0 0 0.0 1015.0 425.0 1054.0 583.0 0.0 0.0 0.0 0.0 0.0 0.0 0.0
building 0.0 0 0.0 449.0 733.0 546.0 773.0 0.0 0.0 0.0 0.0 0.0 0.0 0.0
building 0.0 0 0.0 274.0 0.0 305.0 24.0 0.0 0.0 0.0 0.0 0.0 0.0 0.0
building 0.0 0 0.0 728.0 0.0 782.0 29.0 0.0 0.0 0.0 0.0 0.0 0.0 0.0
building 0.0 0 0.0 0.0 0.0 17.0 20.0 0.0 0.0 0.0 0.0 0.0 0.0 0.0
building 0.0 0 0.0 446.0 396.0 503.0 573.0 0.0 0.0 0.0 0.0 0.0 0.0 0.0
building 0.0 0 0.0 1163.0 677.0 1210.0 783.0 0.0 0.0 0.0 0.0 0.0 0.0 0.0
building 0.0 0 0.0 105.0 605.0 158.0 769.0 0.0 0.0 0.0 0.0 0.0 0.0 0.0
building 0.0 0 0.0 1180.0 966.0 1229.0 1074.0 0.0 0.0 0.0 0.0 0.0 0.0 0.0
building 0.0 0 0.0 967.0 613.0 1078.0 679.0 0.0 0.0 0.0 0.0 0.0 0.0 0.0
building 0.0 0 0.0 0.0 58.0 15.0 226.0 0.0 0.0 0.0 0.0 0.0 0.0 0.0
building 0.0 0 0.0 423.0 1149.0 480.0 1279.0 0.0 0.0 0.0 0.0 0.0 0.0 0.0
building 0.0 0 0.0 141.0 0.0 173.0 27.0 0.0 0.0 0.0 0.0 0.0 0.0 0.0
building 0.0 0 0.0 0.0 400.0 25.0 564.0 0.0 0.0 0.0 0.0 0.0 0.0 0.0
building 0.0 0 0.0 653.0 406.0 707.0 577.0 0.0 0.0 0.0 0.0 0.0 0.0 0.0
building 0.0 0 0.0 38.0 402.0 99.0 567.0 0.0 0.0 0.0 0.0 0.0 0.0 0.0
building 0.0 0 0.0 586.0 409.0 650.0 577.0 0.0 0.0 0.0 0.0 0.0 0.0 0.0
building 0.0 0 0.0 722.0 409.0 757.0 483.0 0.0 0.0 0.0 0.0 0.0 0.0 0.0
building 0.0 0 0.0 789.0 411.0 826.0 512.0 0.0 0.0 0.0 0.0 0.0 0.0 0.0
building 0.0 0 0.0 499.0 954.0 615.0 1122.0 0.0 0.0 0.0 0.0 0.0 0.0 0.0
building 0.0 0 0.0 975.0 962.0 1169.0 1117.0 0.0 0.0 0.0 0.0 0.0 0.0 0.0
building 0.0 0 0.0 34.0 632.0 91.0 774.0 0.0 0.0 0.0 0.0 0.0 0.0 0.0
building 0.0 0 0.0 362.0 1223.0 418.0 1279.0 0.0 0.0 0.0 0.0 0.0 0.0 0.0
building 0.0 0 0.0 905.0 1232.0 952.0 1279.0 0.0 0.0 0.0 0.0 0.0 0.0 0.0
building 0.0 0 0.0 660.0 0.0 691.0 29.0 0.0 0.0 0.0 0.0 0.0 0.0 0.0
building 0.0 0 0.0 799.0 0.0 830.0 30.0 0.0 0.0 0.0 0.0 0.0 0.0 0.0
building 0.0 0 0.0 1087.0 647.0 1143.0 782.0 0.0 0.0 0.0 0.0 0.0 0.0 0.0
building 0.0 0 0.0 1157.0 1157.0 1242.0 1221.0 0.0 0.0 0.0 0.0 0.0 0.0 0.0
building 0.0 0 0.0 634.0 960.0 756.0 1082.0 0.0 0.0 0.0 0.0 0.0 0.0 0.0
building 0.0 0 0.0 700.0 1209.0 746.0 1279.0 0.0 0.0 0.0 0.0 0.0 0.0 0.0
building 0.0 0 0.0 318.0 0.0 351.0 25.0 0.0 0.0 0.0 0.0 0.0 0.0 0.0
building 0.0 0 0.0 246.0 63.0 294.0 220.0 0.0 0.0 0.0 0.0 0.0 0.0 0.0
building 0.0 0 0.0 556.0 1218.0 616.0 1279.0 0.0 0.0 0.0 0.0 0.0 0.0 0.0
building 0.0 0 0.0 385.0 107.0 448.0 219.0 0.0 0.0 0.0 0.0 0.0 0.0 0.0
building 0.0 0 0.0 242.0 391.0 296.0 452.0 0.0 0.0 0.0 0.0 0.0 0.0 0.0
building 0.0 0 0.0 518.0 400.0 554.0 466.0 0.0 0.0 0.0 0.0 0.0 0.0 0.0
building 0.0 0 0.0 354.0 1149.0 418.0 1208.0 0.0 0.0 0.0 0.0 0.0 0.0 0.0
building 0.0 0 0.0 456.0 67.0 511.0 233.0 0.0 0.0 0.0 0.0 0.0 0.0 0.0
building 0.0 0 0.0 0.0 1160.0 27.0 1269.0 0.0 0.0 0.0 0.0 0.0 0.0 0.0
building 0.0 0 0.0 34.0 61.0 95.0 214.0 0.0 0.0 0.0 0.0 0.0 0.0 0.0
building 0.0 0 0.0 106.0 56.0 165.0 211.0 0.0 0.0 0.0 0.0 0.0 0.0 0.0
building 0.0 0 0.0 33.0 1163.0 73.0 1279.0 0.0 0.0 0.0 0.0 0.0 0.0 0.0
building 0.0 0 0.0 595.0 74.0 650.0 231.0 0.0 0.0 0.0 0.0 0.0 0.0 0.0
building 0.0 0 0.0 533.0 67.0 582.0 242.0 0.0 0.0 0.0 0.0 0.0 0.0 0.0
building 0.0 0 0.0 968.0 731.0 1074.0 782.0 0.0 0.0 0.0 0.0 0.0 0.0 0.0
building 0.0 0 0.0 593.0 0.0 637.0 29.0 0.0 0.0 0.0 0.0 0.0 0.0 0.0
building 0.0 0 0.0 792.0 518.0 842.0 577.0 0.0 0.0 0.0 0.0 0.0 0.0 0.0
building 0.0 0 0.0 102.0 390.0 167.0 567.0 0.0 0.0 0.0 0.0 0.0 0.0 0.0
building 0.0 0 0.0 364.0 946.0 456.0 1106.0 0.0 0.0 0.0 0.0 0.0 0.0 0.0
building 0.0 0 0.0 1249.0 1003.0 1279.0 1104.0 0.0 0.0 0.0 0.0 0.0 0.0 0.0
building 0.0 0 0.0 193.0 603.0 414.0 775.0 0.0 0.0 0.0 0.0 0.0 0.0 0.0
building 0.0 0 0.0 838.0 1155.0 892.0 1279.0 0.0 0.0 0.0 0.0 0.0 0.0 0.0
building 0.0 0 0.0 1226.0 428.0 1279.0 581.0 0.0 0.0 0.0 0.0 0.0 0.0 0.0
building 0.0 0 0.0 175.0 411.0 222.0 568.0 0.0 0.0 0.0 0.0 0.0 0.0 0.0
building 0.0 0 0.0 661.0 70.0 723.0 229.0 0.0 0.0 0.0 0.0 0.0 0.0 0.0
building 0.0 0 0.0 717.0 609.0 831.0 679.0 0.0 0.0 0.0 0.0 0.0 0.0 0.0
building 0.0 0 0.0 1088.0 416.0 1147.0 579.0 0.0 0.0 0.0 0.0 0.0 0.0 0.0
building 0.0 0 0.0 771.0 962.0 962.0 1114.0 0.0 0.0 0.0 0.0 0.0 0.0 0.0
