building 0.0 0 0.0 617.0 901.0 652.0 990.0 0.0 0.0 0.0 0.0 0.0 0.0 0.0
building 0.0 0 0.0 0.0 642.0 3.0 819.0 0.0 0.0 0.0 0.0 0.0 0.0 0.0
building 0.0 0 0.0 421.0 845.0 453.0 995.0 0.0 0.0 0.0 0.0 0.0 0.0 0.0
building 0.0 0 0.0 1106.0 603.0 1142.0 801.0 0.0 0.0 0.0 0.0 0.0 0.0 0.0
building 0.0 0 0.0 1193.0 1107.0 1226.0 1162.0 0.0 0.0 0.0 0.0 0.0 0.0 0.0
building 0.0 0 0.0 276.0 921.0 310.0 992.0 0.0 0.0 0.0 0.0 0.0 0.0 0.0
building 0.0 0 0.0 1168.0 1111.0 1195.0 1162.0 0.0 0.0 0.0 0.0 0.0 0.0 0.0
building 0.0 0 0.0 1049.0 1105.0 1084.0 1179.0 0.0 0.0 0.0 0.0 0.0 0.0 0.0
building 0.0 0 0.0 698.0 44.0 727.0 119.0 0.0 0.0 0.0 0.0 0.0 0.0 0.0
building 0.0 0 0.0 663.0 48.0 694.0 115.0 0.0 0.0 0.0 0.0 0.0 0.0 0.0
building 0.0 0 0.0 0.0 276.0 29.0 463.0 0.0 0.0 0.0 0.0 0.0 0.0 0.0
building 0.0 0 0.0 1102.0 346.0 1135.0 440.0 0.0 0.0 0.0 0.0 0.0 0.0 0.0
building 0.0 0 0.0 102.0 634.0 133.0 711.0 0.0 0.0 0.0 0.0 0.0 0.0 0.0
building 0.0 0 0.0 397.0 371.0 429.0 457.0 0.0 0.0 0.0 0.0 0.0 0.0 0.0
building 0.0 0 0.0 752.0 1114.0 781.0 1184.0 0.0 0.0 0.0 0.0 0.0 0.0 0.0
building 0.0 0 0.0 352.0 626.0 382.0 728.0 0.0 0.0 0.0 0.0 0.0 0.0 0.0
building 0.0 0 0.0 950.0 1105.0 985.0 1211.0 0.0 0.0 0.0 0.0 0.0 0.0 0.0
building 0.0 0 0.0 927.0 43.0 957.0 112.0 0.0 0.0 0.0 0.0 0.0 0.0 0.0
building 0.0 0 0.0 798.0 41.0 859.0 208.0 0.0 0.0 0.0 0.0 0.0 0.0 0.0
building 0.0 0 0.0 1236.0 615.0 1267.0 700.0 0.0 0.0 0.0 0.0 0.0 0.0 0.0
building 0.0 0 0.0 521.0 268.0 569.0 465.0 0.0 0.0 0.0 0.0 0.0 0.0 0.0
building 0.0 0 0.0 945.0 901.0 978.0 980.0 0.0 0.0 0.0 0.0 0.0 0.0 0.0
building 0.0 0 0.0 620.0 45.0 656.0 129.0 0.0 0.0 0.0 0.0 0.0 0.0 0.0
building 0.0 0 0.0 29.0 275.0 58.0 457.0 0.0 0.0 0.0 0.0 0.0 0.0 0.0
building 0.0 0 0.0 61.0 376.0 93.0 463.0 0.0 0.0 0.0 0.0 0.0 0.0 0.0
building 0.0 0 0.0 1017.0 38.0 1055.0 123.0 0.0 0.0 0.0 0.0 0.0 0.0 0.0
building 0.0 0 0.0 0.0 50.0 17.0 141.0 0.0 0.0 0.0 0.0 0.0 0.0 0.0
building 0.0 0 0.0 1272.0 353.0 1279.0 430.0 0.0 0.0 0.0 0.0 0.0 0.0 0.0
building 0.0 0 0.0 622.0 335.0 672.0 457.0 0.0 0.0 0.0 0.0 0.0 0.0 0.0
building 0.0 0 0.0 1009.0 346.0 1039.0 438.0 0.0 0.0 0.0 0.0 0.0 0.0 0.0
building 0.0 0 0.0 37.0 847.0 73.0 999.0 0.0 0.0 0.0 0.0 0.0 0.0 0.0
building 0.0 0 0.0 899.0 260.0 929.0 439.0 0.0 0.0 0.0 0.0 0.0 0.0 0.0
building 0.0 0 0.0 866.0 40.0 895.0 115.0 0.0 0.0 0.0 0.0 0.0 0.0 0.0
building 0.0 0 0.0 813.0 879.0 848.0 989.0 0.0 0.0 0.0 0.0 0.0 0.0 0.0
building 0.0 0 0.0 10.0 1117.0 43.0 1241.0 0.0 0.0 0.0 0.0 0.0 0.0 0.0
building 0.0 0 0.0 509.0 626.0 551.0 811.0 0.0 0.0 0.0 0.0 0.0 0.0 0.0
building 0.0 0 0.0 241.0 921.0 270.0 1001.0 0.0 0.0 0.0 0.0 0.0 0.0 0.0
building 0.0 0 0.0 74.0 1113.0 110.0 1229.0 0.0 0.0 0.0 0.0 0.0 0.0 0.0
building 0.0 0 0.0 955.0 260.0 984.0 439.0 0.0 0.0 0.0 0.0 0.0 0.0 0.0
building 0.0 0 0.0 802.0 361.0 836.0 446.0 0.0 0.0 0.0 0.0 0.0 0.0 0.0
building 0.0 0 0.0 0.0 913.0 6.0 996.0 0.0 0.0 0.0 0.0 0.0 0.0 0.0
building 0.0 0 0.0 43.0 1121.0 76.0 1208.0 0.0 0.0 0.0 0.0 0.0 0.0 0.0
building 0.0 0 0.0 841.0 619.0 873.0 804.0 0.0 0.0 0.0 0.0 0.0 0.0 0.0
building 0.0 0 0.0 479.0 623.0 514.0 721.0 0.0 0.0 0.0 0.0 0.0 0.0 0.0
building 0.0 0 0.0 774.0 623.0 809.0 708.0 0.0 0.0 0.0 0.0 0.0 0.0 0.0
building 0.0 0 0.0 895.0 40.0 923.0 115.0 0.0 0.0 0.0 0.0 0.0 0.0 0.0
building 0.0 0 0.0 703.0 363.0 737.0 447.0 0.0 0.0 0.0 0.0 0.0 0.0 0.0
building 0.0 0 0.0 737.0 263.0 770.0 446.0 0.0 0.0 0.0 0.0 0.0 0.0 0.0
building 0.0 0 0.0 523.0 1111.0 555.0 1242.0 0.0 0.0 0.0 0.0 0.0 0.0 0.0
building 0.0 0 0.0 446.0 623.0 483.0 811.0 0.0 0.0 0.0 0.0 0.0 0.0 0.0
building 0.0 0 0.0 983.0 347.0 1010.0 438.0 0.0 0.0 0.0 0.0 0.0 0.0 0.0
building 0.0 0 0.0 4.0 881.0 39.0 1001.0 0.0 0.0 0.0 0.0 0.0 0.0 0.0
building 0.0 0 0.0 769.0 361.0 803.0 447.0 0.0 0.0 0.0 0.0 0.0 0.0 0.0
building 0.0 0 0.0 808.0 620.0 843.0 708.0 0.0 0.0 0.0 0.0 0.0 0.0 0.0
building 0.0 0 0.0 1209.0 616.0 1238.0 705.0 0.0 0.0 0.0 0.0 0.0 0.0 0.0
building 0.0 0 0.0 32.0 636.0 68.0 822.0 0.0 0.0 0.0 0.0 0.0 0.0 0.0
building 0.0 0 0.0 134.0 635.0 166.0 727.0 0.0 0.0 0.0 0.0 0.0 0.0 0.0
building 0.0 0 0.0 436.0 323.0 475.0 456.0 0.0 0.0 0.0 0.0 0.0 0.0 0.0
building 0.0 0 0.0 1224.0 1105.0 1257.0 1263.0 0.0 0.0 0.0 0.0 0.0 0.0 0.0
building 0.0 0 0.0 355.0 270.0 389.0 456.0 0.0 0.0 0.0 0.0 0.0 0.0 0.0
building 0.0 0 0.0 520.0 894.0 553.0 989.0 0.0 0.0 0.0 0.0 0.0 0.0 0.0
building 0.0 0 0.0 983.0 1107.0 1018.0 1189.0 0.0 0.0 0.0 0.0 0.0 0.0 0.0
building 0.0 0 0.0 315.0 271.0 351.0 458.0 0.0 0.0 0.0 0.0 0.0 0.0 0.0
building 0.0 0 0.0 912.0 884.0 946.0 981.0 0.0 0.0 0.0 0.0 0.0 0.0 0.0
building 0.0 0 0.0 1210.0 897.0 1238.0 976.0 0.0 0.0 0.0 0.0 0.0 0.0 0.0
building 0.0 0 0.0 1038.0 361.0 1066.0 437.0 0.0 0.0 0.0 0.0 0.0 0.0 0.0
building 0.0 0 0.0 1169.0 254.0 1203.0 439.0 0.0 0.0 0.0 0.0 0.0 0.0 0.0
building 0.0 0 0.0 1203.0 364.0 1233.0 439.0 0.0 0.0 0.0 0.0 0.0 0.0 0.0
building 0.0 0 0.0 835.0 1111.0 863.0 1192.0 0.0 0.0 0.0 0.0 0.0 0.0 0.0
building 0.0 0 0.0 1237.0 885.0 1267.0 975.0 0.0 0.0 0.0 0.0 0.0 0.0 0.0
building 0.0 0 0.0 707.0 611.0 775.0 707.0 0.0 0.0 0.0 0.0 0.0 0.0 0.0
building 0.0 0 0.0 1136.0 1103.0 1170.0 1216.0 0.0 0.0 0.0 0.0 0.0 0.0 0.0
building 0.0 0 0.0 1023.0 914.0 1048.0 969.0 0.0 0.0 0.0 0.0 0.0 0.0 0.0
building 0.0 0 0.0 297.0 1115.0 326.0 1185.0 0.0 0.0 0.0 0.0 0.0 0.0 0.0
building 0.0 0 0.0 395.0 48.0 434.0 233.0 0.0 0.0 0.0 0.0 0.0 0.0 0.0
building 0.0 0 0.0 224.0 55.0 259.0 239.0 0.0 0.0 0.0 0.0 0.0 0.0 0.0
building 0.0 0 0.0 927.0 351.0 957.0 439.0 0.0 0.0 0.0 0.0 0.0 0.0 0.0
building 0.0 0 0.0 231.0 269.0 267.0 461.0 0.0 0.0 0.0 0.0 0.0 0.0 0.0
building 0.0 0 0.0 968.0 39.0 1009.0 226.0 0.0 0.0 0.0 0.0 0.0 0.0 0.0
building 0.0 0 0.0 187.0 56.0 223.0 134.0 0.0 0.0 0.0 0.0 0.0 0.0 0.0
building 0.0 0 0.0 1237.0 332.0 1274.0 439.0 0.0 0.0 0.0 0.0 0.0 0.0 0.0
building 0.0 0 0.0 806.0 1112.0 838.0 1252.0 0.0 0.0 0.0 0.0 0.0 0.0 0.0
building 0.0 0 0.0 655.0 1108.0 688.0 1192.0 0.0 0.0 0.0 0.0 0.0 0.0 0.0
building 0.0 0 0.0 353.0 50.0 385.0 129.0 0.0 0.0 0.0 0.0 0.0 0.0 0.0
building 0.0 0 0.0 0.0 637.0 35.0 730.0 0.0 0.0 0.0 0.0 0.0 0.0 0.0
building 0.0 0 0.0 1073.0 612.0 1107.0 711.0 0.0 0.0 0.0 0.0 0.0 0.0 0.0
building 0.0 0 0.0 326.0 924.0 356.0 982.0 0.0 0.0 0.0 0.0 0.0 0.0 0.0
building 0.0 0 0.0 163.0 1118.0 190.0 1191.0 0.0 0.0 0.0 0.0 0.0 0.0 0.0
building 0.0 0 0.0 1173.0 612.0 1211.0 725.0 0.0 0.0 0.0 0.0 0.0 0.0 0.0
building 0.0 0 0.0 580.0 627.0 612.0 730.0 0.0 0.0 0.0 0.0 0.0 0.0 0.0
building 0.0 0 0.0 383.0 617.0 443.0 771.0 0.0 0.0 0.0 0.0 0.0 0.0 0.0
building 0.0 0 0.0 130.0 368.0 163.0 460.0 0.0 0.0 0.0 0.0 0.0 0.0 0.0
building 0.0 0 0.0 1110.0 1112.0 1138.0 1194.0 0.0 0.0 0.0 0.0 0.0 0.0 0.0
building 0.0 0 0.0 763.0 43.0 800.0 230.0 0.0 0.0 0.0 0.0 0.0 0.0 0.0
building 0.0 0 0.0 1016.0 1106.0 1050.0 1184.0 0.0 0.0 0.0 0.0 0.0 0.0 0.0
building 0.0 0 0.0 439.0 51.0 569.0 238.0 0.0 0.0 0.0 0.0 0.0 0.0 0.0
building 0.0 0 0.0 309.0 49.0 346.0 237.0 0.0 0.0 0.0 0.0 0.0 0.0 0.0
building 0.0 0 0.0 1068.0 342.0 1102.0 442.0 0.0 0.0 0.0 0.0 0.0 0.0 0.0
building 0.0 0 0.0 272.0 630.0 312.0 816.0 0.0 0.0 0.0 0.0 0.0 0.0 0.0
building 0.0 0 0.0 729.0 46.0 760.0 114.0 0.0 0.0 0.0 0.0 0.0 0.0 0.0
building 0.0 0 0.0 453.0 888.0 486.0 993.0 0.0 0.0 0.0 0.0 0.0 0.0 0.0
building 0.0 0 0.0 1139.0 613.0 1176.0 800.0 0.0 0.0 0.0 0.0 0.0 0.0 0.0
building 0.0 0 0.0 84.0 49.0 122.0 237.0 0.0 0.0 0.0 0.0 0.0 0.0 0.0
building 0.0 0 0.0 977.0 891.0 1012.0 984.0 0.0 0.0 0.0 0.0 0.0 0.0 0.0
building 0.0 0 0.0 687.0 1103.0 719.0 1198.0 0.0 0.0 0.0 0.0 0.0 0.0 0.0
building 0.0 0 0.0 65.0 631.0 103.0 818.0 0.0 0.0 0.0 0.0 0.0 0.0 0.0
building 0.0 0 0.0 134.0 1118.0 163.0 1190.0 0.0 0.0 0.0 0.0 0.0 0.0 0.0
building 0.0 0 0.0 205.0 844.0 243.0 993.0 0.0 0.0 0.0 0.0 0.0 0.0 0.0
building 0.0 0 0.0 110.0 1119.0 137.0 1201.0 0.0 0.0 0.0 0.0 0.0 0.0 0.0
building 0.0 0 0.0 240.0 631.0 272.0 731.0 0.0 0.0 0.0 0.0 0.0 0.0 0.0
building 0.0 0 0.0 53.0 50.0 82.0 128.0 0.0 0.0 0.0 0.0 0.0 0.0 0.0
building 0.0 0 0.0 119.0 48.0 158.0 236.0 0.0 0.0 0.0 0.0 0.0 0.0 0.0
building 0.0 0 0.0 496.0 1267.0 854.0 1279.0 0.0 0.0 0.0 0.0 0.0 0.0 0.0
building 0.0 0 0.0 833.0 261.0 867.0 445.0 0.0 0.0 0.0 0.0 0.0 0.0 0.0
building 0.0 0 0.0 867.0 262.0 899.0 440.0 0.0 0.0 0.0 0.0 0.0 0.0 0.0
building 0.0 0 0.0 266.0 44.0 305.0 237.0 0.0 0.0 0.0 0.0 0.0 0.0 0.0
building 0.0 0 0.0 1136.0 351.0 1169.0 440.0 0.0 0.0 0.0 0.0 0.0 0.0 0.0
building 0.0 0 0.0 392.0 1112.0 426.0 1178.0 0.0 0.0 0.0 0.0 0.0 0.0 0.0
building 0.0 0 0.0 166.0 628.0 202.0 715.0 0.0 0.0 0.0 0.0 0.0 0.0 0.0
building 0.0 0 0.0 490.0 1106.0 524.0 1215.0 0.0 0.0 0.0 0.0 0.0 0.0 0.0
building 0.0 0 0.0 783.0 896.0 814.0 988.0 0.0 0.0 0.0 0.0 0.0 0.0 0.0
