building 0.0 0 0.0 0.0 94.0 145.0 138.0 0.0 0.0 0.0 0.0 0.0 0.0 0.0
building 0.0 0 0.0 475.0 582.0 511.0 737.0 0.0 0.0 0.0 0.0 0.0 0.0 0.0
building 0.0 0 0.0 753.0 579.0 785.0 734.0 0.0 0.0 0.0 0.0 0.0 0.0 0.0
building 0.0 0 0.0 409.0 582.0 439.0 663.0 0.0 0.0 0.0 0.0 0.0 0.0 0.0
building 0.0 0 0.0 1.0 267.0 140.0 307.0 0.0 0.0 0.0 0.0 0.0 0.0 0.0
building 0.0 0 0.0 6.0 1153.0 210.0 1279.0 0.0 0.0 0.0 0.0 0.0 0.0 0.0
building 0.0 0 0.0 56.0 306.0 149.0 346.0 0.0 0.0 0.0 0.0 0.0 0.0 0.0
building 0.0 0 0.0 1060.0 582.0 1096.0 668.0 0.0 0.0 0.0 0.0 0.0 0.0 0.0
building 0.0 0 0.0 1.0 226.0 149.0 264.0 0.0 0.0 0.0 0.0 0.0 0.0 0.0
building 0.0 0 0.0 858.0 577.0 899.0 731.0 0.0 0.0 0.0 0.0 0.0 0.0 0.0
building 0.0 0 0.0 789.0 582.0 852.0 734.0 0.0 0.0 0.0 0.0 0.0 0.0 0.0
building 0.0 0 0.0 861.0 761.0 890.0 911.0 0.0 0.0 0.0 0.0 0.0 0.0 0.0
building 0.0 0 0.0 0.0 141.0 147.0 182.0 0.0 0.0 0.0 0.0 0.0 0.0 0.0
building 0.0 0 0.0 997.0 758.0 1028.0 910.0 0.0 0.0 0.0 0.0 0.0 0.0 0.0
building 0.0 0 0.0 719.0 579.0 750.0 732.0 0.0 0.0 0.0 0.0 0.0 0.0 0.0
building 0.0 0 0.0 981.0 575.0 1022.0 728.0 0.0 0.0 0.0 0.0 0.0 0.0 0.0
building 0.0 0 0.0 288.0 1041.0 445.0 1274.0 0.0 0.0 0.0 0.0 0.0 0.0 0.0
building 0.0 0 0.0 646.0 580.0 716.0 679.0 0.0 0.0 0.0 0.0 0.0 0.0 0.0
building 0.0 0 0.0 326.0 574.0 408.0 737.0 0.0 0.0 0.0 0.0 0.0 0.0 0.0
building 0.0 0 0.0 750.0 990.0 1155.0 1217.0 0.0 0.0 0.0 0.0 0.0 0.0 0.0
building 0.0 0 0.0 1.0 391.0 154.0 430.0 0.0 0.0 0.0 0.0 0.0 0.0 0.0
building 0.0 0 0.0 1029.0 758.0 1062.0 909.0 0.0 0.0 0.0 0.0 0.0 0.0 0.0
building 0.0 0 0.0 277.0 585.0 326.0 740.0 0.0 0.0 0.0 0.0 0.0 0.0 0.0
building 0.0 0 0.0 441.0 582.0 477.0 736.0 0.0 0.0 0.0 0.0 0.0 0.0 0.0
building 0.0 0 0.0 1197.0 575.0 1268.0 729.0 0.0 0.0 0.0 0.0 0.0 0.0 0.0
building 0.0 0 0.0 1065.0 758.0 1100.0 907.0 0.0 0.0 0.0 0.0 0.0 0.0 0.0
building 0.0 0 0.0 923.0 578.0 964.0 672.0 0.0 0.0 0.0 0.0 0.0 0.0 0.0
building 0.0 0 0.0 543.0 584.0 579.0 735.0 0.0 0.0 0.0 0.0 0.0 0.0 0.0
building 0.0 0 0.0 790.0 809.0 827.0 924.0 0.0 0.0 0.0 0.0 0.0 0.0 0.0
building 0.0 0 0.0 825.0 809.0 860.0 923.0 0.0 0.0 0.0 0.0 0.0 0.0 0.0
building 0.0 0 0.0 652.0 811.0 688.0 925.0 0.0 0.0 0.0 0.0 0.0 0.0 0.0
building 0.0 0 0.0 582.0 812.0 618.0 925.0 0.0 0.0 0.0 0.0 0.0 0.0 0.0
building 0.0 0 0.0 721.0 812.0 758.0 924.0 0.0 0.0 0.0 0.0 0.0 0.0 0.0
building 0.0 0 0.0 0.0 566.0 181.0 846.0 0.0 0.0 0.0 0.0 0.0 0.0 0.0
building 0.0 0 0.0 676.0 1254.0 865.0 1279.0 0.0 0.0 0.0 0.0 0.0 0.0 0.0
building 0.0 0 0.0 282.0 767.0 378.0 933.0 0.0 0.0 0.0 0.0 0.0 0.0 0.0
building 0.0 0 0.0 686.0 810.0 723.0 925.0 0.0 0.0 0.0 0.0 0.0 0.0 0.0
building 0.0 0 0.0 375.0 765.0 515.0 931.0 0.0 0.0 0.0 0.0 0.0 0.0 0.0
building 0.0 0 0.0 755.0 810.0 792.0 924.0 0.0 0.0 0.0 0.0 0.0 0.0 0.0
building 0.0 0 0.0 1134.0 761.0 1273.0 922.0 0.0 0.0 0.0 0.0 0.0 0.0 0.0
building 0.0 0 0.0 1157.0 1092.0 1279.0 1279.0 0.0 0.0 0.0 0.0 0.0 0.0 0.0
building 0.0 0 0.0 1026.0 576.0 1064.0 733.0 0.0 0.0 0.0 0.0 0.0 0.0 0.0
building 0.0 0 0.0 895.0 761.0 924.0 911.0 0.0 0.0 0.0 0.0 0.0 0.0 0.0
building 0.0 0 0.0 577.0 580.0 640.0 695.0 0.0 0.0 0.0 0.0 0.0 0.0 0.0
building 0.0 0 0.0 615.0 812.0 654.0 925.0 0.0 0.0 0.0 0.0 0.0 0.0 0.0
building 0.0 0 0.0 1.0 348.0 153.0 387.0 0.0 0.0 0.0 0.0 0.0 0.0 0.0
building 0.0 0 0.0 1129.0 574.0 1166.0 660.0 0.0 0.0 0.0 0.0 0.0 0.0 0.0
building 0.0 0 0.0 925.0 759.0 996.0 926.0 0.0 0.0 0.0 0.0 0.0 0.0 0.0
building 0.0 0 0.0 0.0 0.0 134.0 6.0 0.0 0.0 0.0 0.0 0.0 0.0 0.0
building 0.0 0 0.0 0.0 869.0 58.0 1021.0 0.0 0.0 0.0 0.0 0.0 0.0 0.0
